0.5020069890197796 -1.4713964093428125 1.5546763040747829
1.0889738250702647 0.05287158331522157 1.090256573477281
0.6025903033079931 1.2359404385596031 1.375014124039358
-1.7693191544727203 0.25908826311892597 1.7881881887737776
1.8358294798385852 1.3908415750569896 2.3031956421353827
-0.8856258089504241 0.3824832592729823 0.9646898553955963
0.3654340402421532 -0.24986682254407455 0.44269116410424963
-0.3058223351885534 -1.233439115122267 1.2707869024402876
-1.4492823100281278 0.563958200592948 1.5551424584829847
-1.1869450542823357 0.15097413868215526 1.1965081497574999
1.2520273068523844 0.5371963727258855 1.3624068114824892
1.5656139417567578 1.4680110521089489 2.1462067616465
1.9110395961266846 -1.8175046057254463 2.637308349396644
1.3121569351574607 -1.7350495639675882 2.1753511927746145
1.5341247637412474 -0.5277771209933588 1.6223709440717238
1.9097229069669135 -0.9523972224524915 2.134034219671601
-1.4227973557121025 1.385654476128865 1.986049003080566
1.1279999203427806 0.4343359312117254 1.2087313685988612
-0.1826434254776128 0.05058104295637378 0.18951797481175983
-0.36447924270704757 0.7025890524032032 0.7915026815628194
-0.7206570150421614 0.9475335791543387 1.1904479900249778
-1.9140134888184122 -0.6256467928277258 2.013673644053189
-1.3295459856693208 -1.5863324645388177 2.069817193874668
0.08108266919724194 -1.2909183508409683 1.2934622483018647
1.2136612710070969 -0.8413093487296264 1.476744765016091
-1.2875627679451638 -1.4428545783790216 1.9338167482333781
1.159216496889501 1.9999920711962416 2.311655504505072
0.9117174215765935 -1.6650574743232838 1.8983269079919045
-0.8802220603215982 -1.0671569600276607 1.3833346857547806
0.9177017643180454 -0.1777176398914042 0.9347513507671568
-0.3645428651535614 -0.44152638799298227 0.5725705649337007
-1.044266014150093 1.468138880976885 1.8016446048388628
-0.523374491623386 1.676187392724957 1.7559968775633195
-1.3389760815485063 1.7659003577094756 2.216136507599982
-1.7229335986368879 1.6019111497301486 2.352577207434779
-0.06250178232846171 -0.9525434978237417 0.9545918436905498
-1.0010942164038221 0.5638997682364595 1.1489876321067671
0.5725259647671317 -0.9486582995366133 1.1080336410110632
0.8813775359490403 0.724310209595485 1.1408118340023727
-0.9551778370249542 1.6417545525253292 1.8994006189009505
-1.3327046129342364 1.362414167829706 1.9058525520195162
0.16729417787339518 1.6822196608410964 1.6905177695814584
-0.31564678536305024 -1.7088225598345224 1.7377305412834976
-1.7517027769400269 -0.22326389974729288 1.7658735480406773
0.363175189221951 -0.6640762210748594 0.7568972489469528
0.4804271499192314 0.40073475697386485 0.6256185673606708
1.0547390365847953 -0.41284587939660256 1.132658887499046
0.3148994138977148 0.21788748016601112 0.38293157990196913
-1.613490794056851 1.2123067439871775 2.018177441163933
1.4351536792141104 0.2235879903851563 1.4524660658364004
-1.6798261758150286 0.9836298410547837 1.9466236526783502
1.159249393901396 0.007884363512097536 1.1592762054181673
-1.5568157401175569 1.9090448415099885 2.4633569484696434
1.8287408550221587 1.5584447059902313 2.4027157585649106
0.6413454450159835 -1.1080508732617007 1.2802736885442767
-1.0144726724934294 -0.2549619829835912 1.046021231143463
-0.8290639807602691 -0.14290834483940795 0.8412906033106533
1.365038137106656 -1.1321576759223753 1.7734458319626127
-1.385310174968022 -0.15291639911320498 1.3937244010160976
-0.33406459348725015 0.6844692568758042 0.7616411991416413
1.8128167038723886 0.8678350868676086 2.0098363465310456
-0.04400356608439715 -1.327054555875777 1.3277839086608934
0.5470255807126101 -0.08841657763133703 0.5541249652867182
1.1725417707667285 -0.7757546591965756 1.4059336739184998
-1.3749255620775171 0.20753161419362876 1.3904997922128537
1.072434566592876 -1.8289228324687716 2.1201591041119636
-1.0123285097901764 0.35730836406099353 1.0735354110423851
0.6884331181527115 0.15019246287286414 0.7046260952258878
-1.6290088875664352 -0.2638881398487829 1.650244498891993
-0.3578570447870151 0.9123742211346366 0.9800450927864138
-0.3017359564411386 -1.8650204466101332 1.8892712493666202
1.019810437008534 0.47406014201478364 1.1246094191667673
-0.9142789777434146 -0.6699256516181595 1.1334489083498906
1.4027447720231825 0.5819150958832493 1.5186566676688913
-0.8596863173372835 -1.2566951749095026 1.522610694451397
1.312300811750081 -0.5793399053810466 1.4344922957223722
1.724104243171876 0.5946306630845539 1.823765628254805
-1.285751265903441 0.4593665531173601 1.3653475557143775
1.4412321347691153 0.5144825011426031 1.5303079135497828
0.7152020978301161 0.0029243421703757377 0.7152080763789853
0.12838180540128263 -0.286109851304297 0.31359326359387846
-1.0441272340532546 1.6832032496141345 1.9807510849178607
1.8510082387266946 -1.6696503468308546 2.492782337169953
-0.6527520392673978 0.2114016363651885 0.6861310928865021
0.5303031144787953 -0.6386323942832473 0.8301040466434694
-0.6971589680985453 -0.6476646209326953 0.9515776836433903
1.5439479813746448 1.1326904230504846 1.914879360080192
1.076256764737611 1.9018380752521118 2.1852497999364116
-1.4454469510692602 0.048112530405592935 1.4462474559830518
-1.166198080482233 1.8622958849183258 2.1973083365572923
-1.0156430276517145 1.521623556724851 1.8294449999924915
0.7124010807776502 -0.9234100021490255 1.1662766961411974
-1.2380118542778549 -1.1956493325835593 1.7211190190803203
-1.5007035595643812 -1.2162681052142466 1.931688193640645
-0.8476270618349737 -0.6581053177009331 1.073114274036664
-1.6335889648710653 -1.5112145708733271 2.225394883019275
-1.30972296665586 1.9237073612574962 2.3272353256905727
1.9188194946894273 0.31135082371315814 1.943915530219112
0.5911627356253684 -1.462309531314137 1.577283279998948
1.6814739305571527 -1.8359071863093481 2.489560157113225
0.477974262044909 -0.328696326842171 0.580086778384847
1.2160821371451735 -0.5849471536897086 1.3494513466195306
0.46476658982616303 -0.5865656090019984 0.7483763736800663
-0.48916931931023644 0.2245461657597767 0.5382449289234941
-0.36131139411932445 -1.7616979551641707 1.7983674843451964
0.5669521343098527 1.0100136779858806 1.1582583271088809
-0.0391727440886207 1.035770051255505 1.0365105416527436
-1.4009775189011826 1.2740135179326986 1.8936336637115858
0.9388152660920959 -0.9909803269791535 1.3650700027131513
1.289355366184573 -1.6148141328954821 2.0664128203502665
0.3316338341566105 -1.5173187022773513 1.5531378059393313
0.1516637147474338 -0.0629880991680336 0.16422357628487147
-0.06084982625433977 -0.4015600717325114 0.40614430017544634
-1.4188996322588752 -0.1878263048836537 1.4312773620897588
1.584280030671513 -1.5944505949219927 2.247713486018987
-0.8627774554819352 -1.9857745649176577 2.165106362366938
0.6669309978933207 1.1418034326360678 1.32231313792554
-1.091666171286418 0.06083442194950184 1.0933598933677222
-1.3438236130941972 0.5929679839101176 1.4688338684316793
-1.3052841761584002 -1.993537128247186 2.38284642019362
-1.9995216301128957 -0.21286909880898364 2.010820728587479
1.2182437054411563 -0.08584199054822772 1.2212643338721887
0.2627609498125745 -0.6294365785601901 0.6820804374675795
0.5070282907200756 1.6343455215664866 1.7111875909598435
-1.625679620518575 0.7012818194532704 1.7704887514088046
1.1703157323526918 -1.520156207290885 1.918466525107286
-1.760785812965456 -0.3632181378349193 1.7978581965195946
0.6706289701779937 -1.6427629169858982 1.7743768531701527
-0.19667484661309498 -0.08045169676517805 0.2124934606115694
-0.19040700257196796 -1.0939180646926525 1.1103655068892224
0.49410836865418606 -1.0034290379994815 1.1184868860539519
1.3962256516428466 -0.7599328077217136 1.589636418353989
1.0526148057179068 0.2278177468340532 1.0769860050107853
1.711060070397897 -0.21005074442570493 1.7239048348861516
-0.8882669331151662 0.49572913359902415 1.0172342495043423
1.3515377684958798 -1.9238678146271226 2.3511532718708414
-1.5737667957339774 -1.9379843942458415 2.496502641635937
-0.6967013721045463 -0.4655445350853782 0.837928705821813
1.6658761884726303 1.7494658965065 2.4157347533120004
-0.9159775232340701 -0.374624092647621 0.9896251986798207
-0.5987776628966728 -0.6778720578724338 0.9044585211209023
0.7095650887239007 1.6004730119147483 1.7507131338409565
0.9011869075727601 0.20678190004426078 0.9246061845815596
-0.1456991555830296 -0.20450218091068884 0.25109636782485717
0.6605414165787433 -0.8657829484321393 1.0889880976446442
0.8112398995333905 -1.0123189023620602 1.297266254349689
-1.2211699389123165 1.34234690752184 1.814704174193843
-1.7261742855060138 -1.4129659107345764 2.230728654238383
1.9245497206955529 -1.4438087454671793 2.4059250447420095
-1.6414390238406025 -1.593253153851247 2.287526542194371
1.093859671054152 -1.088777723922652 1.543361886295268
0.20623681765119528 -1.4099889925318099 1.424992134720666
0.3058128567386227 -0.1634127231805076 0.34673508827908744
1.647158126762445 1.7002448484415122 2.3672689832825227
-1.2962557247712345 0.1173689485926559 1.3015584405227236
0.8893367354541359 -0.22217905606408372 0.9166697125910439
0.06702797335469413 1.913548511840954 1.9147220833271776
1.477080854100274 0.740311672527235 1.6522194836127755
1.1918861575255297 -0.8799703479120868 1.4815331335159168
-0.4165495084025199 0.3365023059540686 0.5354879035634573
0.5912751512628613 1.8951262587164148 1.985222869346763
1.014721948073662 -0.2077485915729289 1.0357702975095122
-1.1890922602414467 -1.9026055832860216 2.2436239455214535
-0.990295627356347 -0.6247871906731648 1.170916078628339
0.9722074872006985 -1.90102737588807 2.135203147722712
-0.6823379897946884 -1.207894394912631 1.3872973731606384
-1.7389001313523114 -0.650217384160948 1.856490321408165
-1.1620303739345053 1.6319420920013092 2.003384531634398
-1.5766146445494211 1.0118908152863195 1.8734024552851718
-0.921754653251269 -1.2344802326943007 1.5406404790551695
-1.2441240943881793 1.9733285817767845 2.3327816987224463
-1.721910391755106 -0.6290977552170149 1.8332319500961436
-1.7361377506839206 0.986007800932792 1.9965935171812372
-0.131208553540219 -0.6882268171471919 0.7006224635013288
-0.40671399218329984 -1.909710683248111 1.9525396705700102
1.1344299269418947 -1.6565654415011766 2.007769987104444
-1.4223413350137504 0.7141894350978024 1.5915782803538177
0.05444086798627357 -0.5043976704795483 0.5073271312400844
-1.3412904730237232 0.03054852161580257 1.3416383063989765
0.7478273519227487 0.610319472476335 0.9652645268358216
-1.5892471955434013 0.22058662642664295 1.6044828164554625
1.5264611526368483 -1.9244109476250335 2.4563064030874684
-0.0473353130785803 -1.97995801508464 1.9805237623826064
-1.9324554656820911 -1.3227035094542456 2.3417789606978636
-1.6225865633510281 -0.5452795320756652 1.7117584302897288
1.2951095385402613 1.2020590273661043 1.7669902722115687
1.7814610589340223 -1.6229670227997808 2.4099015460374957
0.9693607397954729 -1.5795200917758372 1.8532522667409246
-0.8562498393102818 1.381876028071117 1.6256522211950777
-1.4048842137471595 1.6330122876180608 2.1541654499010856
-0.45029828010577866 0.7957296397685676 0.9143053104255912
1.6791335008302175 0.3374092659550385 1.7126979670574318
0.501083322790401 -0.5265215981781424 0.7268490143948291
-0.5543033700012208 -0.20930569148961897 0.5925040915341073
-1.3744673516838857 -0.4457576139915842 1.4449430270001598
-1.1023919873079517 1.8086590578628687 2.118139674636726
-1.650654421044898 -1.9799324660769884 2.5777495200156224
-1.3303683368409311 -0.7730065663121968 1.5386419542020418
0.5083283334989526 -1.3680243631312612 1.4594137017167255
-0.07629088086472713 0.24246595216482447 0.2541850437423708
1.2004552827287105 -1.933581966504681 2.2759244510799075
0.4184871133470045 -1.9588323770838292 2.003036631105231
-1.628593606293629 -0.10121320053139726 1.6317356545783686
0.7897007858172316 -0.28689819817832785 0.8402011111860803
1.6001641136094786 0.5967462388567766 1.7078147628104512
1.8134751563276472 0.6542471936874614 1.927882655419023
-0.27424547247263753 0.7195533847277762 0.7700439290358306
0.7597324957665874 0.5204201002087308 0.9208857398314912
-1.6861460131405375 1.6178139062451153 2.336752064911853
-1.7932254764007425 -1.572932741270808 2.3853249291814245
-1.2786752196825608 1.0023048882140397 1.624692403616144
1.722077658543923 -0.7367029407499226 1.8730410259697208
0.2649434191979756 -0.9075213776600295 0.9454047103152554
1.5726440540169726 -0.7304165818837918 1.733988957209861
-1.8832824067860843 -0.4811526728613451 1.943774811625977
0.6153575193542444 0.22586113630476579 0.6554983825446783
1.018002960928194 -0.27650655552763403 1.0548866781357733
0.48226880054638777 0.4725814400163637 0.6752158272940524
-1.093684107409084 1.9473995964273447 2.2334972834021065
-1.356360437753274 -0.9644508186024368 1.6642953519748722
-0.8022225875061046 -1.0864114924063824 1.3505002816503417
-1.1064610629786706 0.9102213177306959 1.4327452429302616
0.1748926871391765 1.409744797419206 1.4205519511321227
-1.8376051015011408 -0.9985252741313762 2.091374005801487
1.8909300063703478 -1.8752167513215827 2.6630910899608438
-0.5458450851238323 -1.9498341788767481 2.0247963310095676
1.15378758147261 -0.14750251249080737 1.1631778773478783
0.8542841064231048 -1.088679460195702 1.3838440307849464
1.367284736192346 0.73462835156836 1.5521425078750402
-1.50565747209576 1.6815089163287427 2.2570947385900433
1.5102711425065412 -1.9385305455865804 2.457400984792718
-1.4233063377309598 -0.2992567326579323 1.4544261834366907
1.4254261732754951 1.2229861529152366 1.8781732895771979
-1.3470871244907041 0.20585162573684812 1.362724701760094
1.2077156857942626 0.6823381385680971 1.3871418503736674
-1.026513673057189 1.454772950957409 1.780475964401286
0.40017572148016534 -1.8927962824822844 1.93463649687504
-1.9784734436409455 -0.20683004249711257 1.9892550951730195
-1.7653760408321144 0.5524681902878132 1.8498036833199254
0.03165275860222039 -1.1704238122310748 1.1708517401296599
-0.023345777598823503 0.8379694739860044 0.8382946168645452
-1.3028912688707646 1.5883160843564852 2.054330460837591
1.853606516945085 1.7648349062024344 2.5593943357387983
1.1459886166007252 -0.6472074353039909 1.3161182977571635
0.8937184998157868 -1.0019478887860815 1.3426214391092772
-0.04725768426047061 1.0815688772419625 1.082600815139219
-0.5730394989363665 -0.8723643304478435 1.0437402897172057
0.5559652637405677 -1.8748229020135838 1.9555199534652556
1.4397827601593303 1.8561938856142017 2.3491339121990404
-1.1744128077520575 0.39292620512567034 1.2384007613396124
-0.783942894022057 1.7516947204156015 1.9191146017420562
1.217967704082466 0.05903155300035401 1.2193974136587082
-1.6848826679076474 -1.6115959455854618 2.3315383540579147
-1.4953768660880398 -1.5857559998535624 2.179627046699242
-0.9954153605107923 1.7740280309600767 2.0342141466848855
-0.7517563126479789 -0.0025816534252998125 0.7517607455437496
0.11935806043729436 1.6974257015176049 1.7016169835670676
-1.43074473995134 -0.4318276548369262 1.494491764574294
0.7452186278154622 1.5585490062338287 1.727549075446372
1.8678196314407147 1.310003448314343 2.2814160537242647
-0.14166694184975892 0.8050167130916517 0.8173869528992677
-0.964173705715142 -1.7497668290391353 1.9978275428069712
-1.4711219067733765 -0.05904488183478396 1.4723063413092463
0.991070481588908 1.3953050172403048 1.7114604262479565
0.7886912440261922 -1.3820032909428193 1.5912155650886417
-1.4366233147153906 -0.8798799734899934 1.684658812974481
0.29028792308379625 -1.4819938839663296 1.510156597973174
-0.4878814279330612 -0.8597916029055686 0.988569617249554
1.6444733578732809 -0.40507131488128056 1.6936278796992783
0.9166349492148944 0.36275172371638487 0.985803450583026
1.275288576037605 1.7220852421752646 2.142880895777892
0.10543557903515932 -0.6066538972570994 0.6157480104585857
0.5624862264296171 -1.7486475371345707 1.8368883918327292
0.8660019861726731 -0.18091950005252144 0.8846984263319727
-0.04689053404279253 1.3902600171280746 1.3910505517082306
-1.83149864672367 -1.6062840227829955 2.436090239461288
1.3608860476580222 0.8900364510540495 1.6260921618761834
0.884726923973699 -0.5074947082756802 1.0199473559609737
0.885885208785254 -0.43727234666477344 0.9879269751870382
1.434313266235157 0.9742603180347249 1.7339082193113013
0.7398474997644513 -1.628280574549935 1.7884831428795678
-0.2666812055328558 1.7409855713267222 1.7612920328418824
-0.08005623592219102 -1.2637792738390417 1.26631238400924
-0.999992058716729 1.0515931448465041 1.4511486001732155
0.911873257372922 0.7324562032763398 1.1696174277215154
-1.151507219880898 0.9483586832435202 1.4917617334954059
-0.7625857493629136 -0.8933270870265266 1.1745511098060808
-0.4176745863407465 -1.2515407163825962 1.3193961591722085
-0.7591646137167345 -1.302300101498373 1.507420467249384
0.4131986522091706 1.1286579241972312 1.2019159022330463
-0.5927595751936048 -0.26215721819044635 0.6481437502846541
-0.31031837341117274 -0.008388203706552133 0.31043172331122776
1.3639661257631985 -1.5611844012045033 2.0730895607266304
-1.3998964629240902 1.8307350818121213 2.304626010155447
-0.35594969222623707 -1.0669713934873037 1.1247791507296852
-1.4645660042713677 -1.9364226667007474 2.4278975112182626
-1.6511043125265816 -0.4484773607142136 1.7109288103007274
0.4423394723017946 -1.4464038854348358 1.5125304653319283
-0.45815348032301895 1.231072831507971 1.3135619239339835
0.6353214416803965 1.8065139931815848 1.914974188290728
1.7562495490084151 0.5888125200826009 1.8523262839462935
-0.7352525233353377 -1.1441734643196106 1.3600474953192336
1.0529605036711835 0.967364782965487 1.429867282517275
-1.8600970092840816 -0.37576791396386966 1.897672893075185
1.2895418563725736 -1.6767217607979523 2.11525744590823
1.1274941727424892 -0.8159471441551647 1.391766090844018
-1.3104662674530596 -0.16384826512864414 1.3206695620472293
0.358296295283699 1.4259037335286333 1.470230489584854
1.8130324476848942 -1.9894153197316138 2.6916277548615666
0.2681958946573566 -1.200318606766226 1.2299161742412665
-1.0923453776480558 0.835592337784755 1.3752937791736228
0.8372509778671047 -1.191399813346492 1.456167131610063
1.430826995765143 -1.177533705672003 1.8530654386189236
0.9549983678635989 0.4154880569208377 1.0414663739487662
-1.6673182129265784 -0.7166859330568736 1.8148247159982918
1.1658261081672006 -1.779614879106438 2.127481993442319
-1.3283426112473702 0.9751844105974783 1.6478709681063723
-0.9372122096115474 -1.362230045552022 1.653492492528957
0.18752173696821384 -1.144108925309137 1.1593746740409696
0.6754455823907755 -0.41336381739234973 0.7918941724121915
-0.14613014191969764 -0.8277674643664357 0.8405670665932072
-0.98174087838815 1.991796114538106 2.2206005751119298
0.9896356756961344 1.0296137411947646 1.4281047673989553
1.6630488633180196 -0.8456696785630546 1.8657139992572005
0.6976252807281638 0.26545886558364185 0.7464244379895418
1.6251683658686122 1.06265923625602 1.9417561303676327
-1.6539759474174351 -0.28865069562232026 1.6789745854892062
1.7817166252424013 -0.7617401856179358 1.9377208888409132
-1.5066264745829052 1.4593584570942797 2.097534371638927
-1.4015126441049475 -0.5445026782675981 1.5035693726019523
0.928134770753478 1.5143172708782036 1.776116817543717
-0.852433997304451 0.8952091981939283 1.236140456538601
0.15150650118957376 -0.07584238156403789 0.16942929718325409
-1.232133476579473 0.5092979428543627 1.333243150630636
-1.1932948993529209 -1.6564246260779898 2.041493389335196
0.710518371555799 -0.30781353960452584 0.7743290847450917
1.1699391589024595 -0.14416226470120552 1.1787876798207448
-0.016729877651069813 0.28763118928048037 0.28811731959936615
-1.0446002306854707 1.5409092655439567 1.8616097890232943
-1.9624700869230018 1.3059656946809906 2.3572940499121393
0.7513028988944956 -1.2885776856915303 1.4916060129770907
0.24956323014752702 0.1381260193706959 0.28523780091155765
-0.254300267586669 -1.9333246450488186 1.94997764326871
1.4449724127555035 -1.1028892913563437 1.8177761310494094
-0.573671107534043 -0.46594199732045105 0.7390537764508797
-1.2415468808989152 -0.4777720673874244 1.3303025241821798
0.35896509402677346 0.7383677696225721 0.8210011583104265
-0.3607285151533324 -0.27442803135988036 0.45325026866046914
-0.4722411641479116 0.6113979281464283 0.7725407067964251
-1.6219325122825845 -0.3454010013183568 1.6583024229949794
-1.3041051539320625 -1.6100764610521399 2.071964397123259
-0.3244403273123595 0.0006770943481777536 0.32444103384637907
-0.8377479872873286 1.1669432214104694 1.4365159839694837
-0.8584010295719562 -1.0873831367024005 1.385371579596949
-1.5548312378395197 -0.2185692392077101 1.5701186867525048
-0.7152254104054405 1.1386613254092897 1.3446549749554608
-0.41050905256623693 0.8994445238400139 0.9886951672303343
-1.3162620862896146 0.4456540135850533 1.3896594473567816
0.84241198949851 0.23569374686765965 0.8747625405579244
1.4943491229133619 -1.6724723880533139 2.2428203650655325
-0.6356090556568335 0.67113235313629 0.9243470706716311
-1.981907520716594 0.44046874755040566 2.0302635637378756
0.058774730382696205 -1.3394037881799532 1.3406927227080663
-0.35760738859561947 1.9909539409918207 2.022815028500886
-0.05533902455594575 1.1736524126921308 1.1749563368299536
1.6831761935891087 0.5142650095923491 1.759985965499765
0.12798632070513083 -0.777992558204903 0.7884496933285254
-1.2212844625367225 1.2448081868788137 1.743870167344499
0.6927366696749928 1.8929808554554484 2.0157531130158874
1.6779051445695963 0.018058026408951378 1.6780023142090432
0.014465098097802276 1.3740332478519708 1.3741093862082503
-0.057939823397161305 1.3745810464270294 1.3758016122725403
0.7781292808284999 0.26961341863647625 0.8235147680470134
1.9260645978680886 -1.977751609436777 2.7606568536836527
1.4601079728501132 0.08046164450972171 1.4623232777391173
-0.5717179699980255 1.6793040495241094 1.7739570254002026
-1.2976006208605062 0.11388774452126249 1.3025888797351648
-1.5705124778890838 1.4274130798953317 2.122267076468366
0.05336268805713562 -1.3523428467043397 1.3533952680237509
-0.2016820713737335 1.866799663510304 1.8776625473166855
-1.9093610976143385 -1.194806914164361 2.2523817090400096
-1.1545071327246923 1.4224508840385583 1.8320079795170834
-0.7626314001741168 1.5671217774976496 1.7428359986065605
-1.1654497926941225 -0.3415953236880167 1.21447955291816
0.9573519965032249 1.9144396994712993 2.140467754515463
-1.4241161704839254 1.605947618132217 2.146432999005173
0.7950911574631956 -0.9505172515371481 1.2392146683064633
-1.651673143244376 -1.0860101375011304 1.9767251176807517
0.18990088867072252 -0.9801597620999472 0.9983864516096737
1.7591488609029797 -0.2059966416106267 1.7711689166115998
1.9354411666945852 -1.0543438104904217 2.2039903312981113
0.7391066652326135 -0.445438308622502 0.8629565165057564
1.4401760355686326 0.1658588958617635 1.4496952047801863
-0.11723547256754241 -1.617243155948957 1.621486842836499
0.678653434244767 -1.421153425948824 1.5748801681074964
0.6371635913505216 -1.9203583614644213 2.023302666085579
0.8153467078007228 -0.7844709750910592 1.1314525905586124
0.6033907638279787 -1.1582316136420445 1.3059788990304422
1.63099031978589 -0.45032417156942106 1.6920169274374786
1.8077779106946394 0.9174594460376584 2.027262392863638
-1.0988252652277062 0.09475418309811534 1.1029031320643394
-0.5601325830545845 -0.8295356116493302 1.0009384804241614
0.6139268653893355 0.9571411493770619 1.1371127366614175
1.6522566217323424 -0.3324090399895461 1.685362784069099
-0.3483624562838781 0.17188735631430507 0.38846063405299863
1.3850294387230022 -0.5985354491193879 1.5088244530036958
0.1395736258149327 0.43192585403275885 0.45391710741616137
-1.3818445572733822 0.21162195195227618 1.397955017521723
0.7424748869730333 1.9084375949538712 2.0477800203193053
1.3850678426434584 -1.3451798229978031 1.9307826612349213
0.42558212003317664 0.2035853551291682 0.4717702170707714
-1.2103295386650625 0.8394143807649765 1.4729270500606038
1.854870057408342 0.3955025706090787 1.8965666909519463
1.4364040932594273 -1.0768848766695776 1.7952542317822535
0.5477385155479428 1.7683435872227564 1.8512310833298231
-0.8013885011619744 -1.5103800733165302 1.7098162169269195
0.8936461037403314 0.3323260441825022 0.9534379677631185
1.5007154387278492 0.18713288512965587 1.5123377746829805
-0.6537726528091241 -0.2083954481325856 0.6861831711456211
-1.9736560633096536 1.6845494048307712 2.5948073056692795
-1.4630259182389693 -0.6656648122249003 1.6073439207815454
1.503455212676414 0.23212835766853157 1.521269585233916
-1.9029376001167515 1.9201820746044715 2.703381347418531
0.8510376774945323 -0.9928170962384275 1.3076509148463862
0.1308987389162981 1.13005104898658 1.1376070732751036
0.0061360848715503735 -0.04914560377935917 0.04952718352974084
-1.2416961208627333 1.5975339026400999 2.0233447127590662
-0.24309809190285225 -1.845256054636633 1.8612003087953646
-1.185086819336183 -0.4412206210804035 1.2645577906252161
-1.9017855956338536 -0.5795321043069848 1.988126231325087
-1.0208123926848094 1.8341569437449614 2.0990925742679245
1.6581631377797637 -1.9998373750532474 2.5978557539154274
1.1575470692089906 1.7637079103167626 2.1096399717364682
-0.1380475991040866 -0.8506668196728109 0.8617953224000796
-0.9256243109948334 1.0698855881174607 1.4147210102229009
1.4779079585097623 0.054196812676420514 1.4789013585532933
0.7866140657038967 1.1871396422018456 1.4241004945053353
-1.0889764005322942 1.260911471998928 1.6660634265041576
-1.6070808404128565 -0.842420277026311 1.8144918712320481
0.1601784336772205 1.2178093470572051 1.2282983092047242
-0.2505825456330397 -1.7051817540173602 1.723495409454187
-1.8479238920806829 1.2271587976357594 2.2182744252092577
-1.479252897142337 0.795622755664021 1.6796442191828624
0.6850908174872794 1.0358164926595252 1.2418797182782513
-1.04911951400294 -0.5087297101111998 1.1659578348343436
1.296920416932653 -0.6626703597383692 1.4564115398926727
-1.064411485428682 0.026030591458345853 1.0647297319057847
0.19342601205104515 0.6544760247186874 0.6824606135664878
-1.4164412409483003 0.34988254439446465 1.4590145934606362
-0.5499423895938591 1.0477073099919902 1.1832697238089278
1.2415094379574745 -1.5706057901694281 2.002036021816595
0.5657608005571397 -1.8654179263660957 1.949325350847067
1.491036190158197 -0.8078172262463426 1.6958058825767193
1.574138511330914 1.7801459829015682 2.3763063298522136
-1.6484688247643193 1.8340939286568965 2.466039335727625
-0.852874032165813 0.6232777768466331 1.0563471502558492
-0.34761413587805734 0.18164117720551243 0.39221053621601354
-0.18108459922263975 0.0741525358523738 0.19567889679002598
0.7954667658438996 1.7519749504703341 1.9241059229256803
-0.2875791437825326 1.2855735185618204 1.3173462094552495
-1.743363103597483 -0.8913352186923884 1.9580075033223077
1.0515421956367748 0.012279368064350038 1.0516138892600595
1.0168318218375507 0.4777594842676667 1.1234772266090574
0.46008022465107157 0.46489414854354116 0.654064509406377
-0.02796886899467843 -1.2642347127789009 1.2645440548387359
1.6694637734753979 0.49823616026726825 1.7422251755569904
-0.30533859259613205 -0.3598241585293689 0.4719163921606825
-1.387592194014033 1.8924368998159258 2.3466421790877257
1.8632575567517744 1.7601926206330907 2.563202447042328
1.0602056311570358 1.4695689565519503 1.8120896496581722
0.6250560501612092 -0.40657092681003704 0.7456507120430481
0.02886850177283673 -0.4986111940648348 0.499446206554188
1.6904230396354816 -1.797162291141925 2.4672499576720948
0.4191911471132501 -1.5279381603060775 1.5843977529451507
0.7404350511761368 1.4434941582470229 1.622319157842713
-1.710142693225305 -1.846701079744058 2.5169213156393604
1.630695848491058 -0.7114487569910857 1.779136949228511
-0.6522064419260154 0.8000613697165733 1.0322167593110239
-1.0972381777165827 -1.6727981194152806 2.0005462171512325
1.9063823736097607 -0.6436067141347186 2.012094271372312
1.718934278803193 -0.33195469045129933 1.7506938542638661
0.8767407174721829 -1.326048328699093 1.589678727202228
1.0583565448942425 -0.38884346756026567 1.1275273027225416
0.07941132824710895 -0.650050540399258 0.6548830919540811
-1.4360637771223859 -0.132736147378961 1.44218516730135
1.2994236259767016 -1.087679934406033 1.6945646636986007
1.391556245698328 -1.919596774150759 2.3709239887166405
-0.4102515263596409 1.6483563005454052 1.698642048351609
-1.1926578282937985 0.04185701759101779 1.1933921004062724
1.7666567209201096 -1.7699880927374716 2.500786639840477
0.6183066561338402 -0.8654520223230566 1.0636307272556955
-1.1728342801992975 1.116342717754498 1.619185385400357
1.9387453844234726 -0.31402638095704827 1.9640127885429615
-0.9964618534795058 0.9488488631005794 1.3759543562368173
1.6182466972731655 -1.415430327672195 2.1499221813195297
0.6263688037381234 -0.3172932531963717 0.7021487640238816
-1.3273771867571087 1.5995575256180024 2.078584728531508
1.0918682962153463 0.5151579744143193 1.2072962001443008
-0.5554849913283002 1.664028604605818 1.754296090327225
1.392626697378347 1.0286535423706349 1.731339720702606
-0.4885831084484833 -0.6233320450014794 0.7919951339414333
-0.8116428378127001 0.3048813931038996 0.8670160090988098
1.8520242439949115 0.4800546971427577 1.9132292890800486
-1.952223248591598 -0.7979424627526308 2.109001608867396
1.8716348818474424 1.9408044227344927 2.696245340886815
-1.513490872427277 1.132610158058795 1.89035985755587
1.6845761786270588 -0.12244830192047296 1.6890205706979864
-0.3648210603640001 1.8963872135754567 1.9311599803997592
1.0238192936664765 0.5401275349597263 1.1575593721729323
1.8584692223153851 -0.23090763272664905 1.8727589767893191
-1.8055534912547149 -1.814493163774598 2.559767343171414
-1.3853053017073087 -0.5812807049942545 1.5023175552914887
-1.2018572183528908 0.4230297216782404 1.2741330066873386
-0.6333220199198113 -0.9430719028836609 1.1359935716912835
-1.5948340066144375 -0.13208164042237058 1.6002940568503417
-1.4983473786483001 1.5896699130107246 2.1845125999713892
-0.9793020335553919 1.2349097270608063 1.5760820114813572
-0.9334457832272953 -1.954755613362499 2.166192636446957
0.2782542859480355 -0.9927704476167172 1.0310279381808953
1.1844661847420932 -0.20517240381283575 1.202104761692519
1.3968310020830152 1.8467220766873984 2.3154954711475595
-0.08370906288525148 -1.0729124201127131 1.0761729732906538
-1.698939964977992 1.2106931347216863 2.0861866817381527
-0.2445121310958891 -0.012400964129128056 0.24482640005600945
0.906473527430756 -0.3075463345727769 0.9572246360399987
-1.9068624845932076 -0.31308214633560993 1.9323935845223388
-0.9881844480650317 0.1836305104021454 1.005101322130333
0.05610135237073077 1.1337745535587862 1.1351617065578146
1.867960697265631 -0.4303079119978044 1.9168834251610118
-1.9211997124144915 0.24806566817307996 1.9371486547778622
1.9834834871060743 -1.6271507485023227 2.5655070262959994
-1.7544166298497021 0.3043959511386962 1.7806275877237268
-1.6845633889289484 -1.829918236902893 2.4872383410259613
-1.1029660581924725 0.6886369284472229 1.3002903309437728
-1.0593276733121906 -1.1503472446625445 1.5638011071577251
1.5633661708819275 -1.8669744452408041 2.4350990459199453
0.11231939411056935 0.24224387979556283 0.2670163732653346
-1.6813339486823455 -1.80475236505543 2.46657960466816
-0.9336069314258992 -0.8636674118774987 1.271826757363463
0.3274350158896757 1.6587135540790907 1.6907230240688038
-0.995904476505526 -0.33819652668811084 1.0517616730931243
1.6765687450068691 1.26361838112196 2.0994318683499094
0.31935216696158975 -1.0415323675489265 1.0893922522191606
1.3185876653308242 -1.4392981891093752 1.9519868617222096
-0.959196019999017 0.17706187648026273 0.9754014111557695
0.6250456303933687 -0.45118033711348904 0.7708733596847703
-0.3108587494171049 0.29041387406967356 0.4254096617865215
1.22331048507038 1.5381269485204987 1.9652793828481763
1.9676614215418997 0.4222019059843056 2.012447743232373
-1.2297439397608798 -0.5420043629237501 1.3438894622724706
0.45827211057695205 -0.9778345054808675 1.0798952020643795
0.4878575784724859 -0.45540428753629314 0.6673815115655186
1.0596343444192966 -1.821540657254463 2.1073289515175206
0.4133323685748733 -1.3124918568122181 1.3760372528060782
0.6332825160470605 1.6098524797861158 1.729934031055636
0.3801430952296032 -1.1316394260675384 1.1937824607026235
1.2880389306337223 0.766072364421511 1.4986364316799548
0.14432878419885142 -1.0429638093475093 1.0529027996719291
-0.4812952984743575 -1.728672058241429 1.7944225392248558
-1.082871303876968 -1.1565100067821028 1.5843376081338674
-0.7618235865102294 -0.18198451224744705 0.7832582841319012
0.5590786018049831 -0.5415486826525182 0.7783597231864536
1.2031655232486944 -0.945765251693798 1.530385306922978
1.3147802512977202 -0.534831421606599 1.4193983791523195
-1.334067209589259 1.8371762503625995 2.2704519141786843
-1.3916176580724446 0.6961894521934253 1.5560460981617534
0.14392813959273543 -0.7880817526328405 0.8011168193212994
-0.3293226292292166 -0.06233590460622551 0.33517034344571794
-0.8888602595212154 -0.01535003894491549 0.888992792238347
-1.1677224634636794 0.956126170417301 1.5092226493909167
0.16324717590436855 1.7298168507232745 1.7375027992745622
1.6635068939010198 -1.263423484892594 2.088897816609124
1.0722065648297514 -1.0351874255616798 1.4903824756434283
-1.849569611074176 0.7039964485911323 1.9790196426104532
1.7033553307473301 0.33903802478549316 1.736768886477356
0.5124030976133742 1.4555943547076575 1.5431499797170019
-1.8630038286066881 1.0142034265007664 2.121176997737123
1.980968747625755 0.7649768590145278 2.1235410930560503
0.040546678651195656 -0.5428633759350863 0.544375493645041
-1.8722279918526228 -1.569055965547994 2.442780030313465
-0.2796757079847847 -1.6304750512296904 1.6542875790863123
0.34558450087829673 -0.8889348517791102 0.9537472505621446
1.280410065666782 -1.5832046396971293 2.036169655853689
0.6809300089592627 -0.20147073933364545 0.7101099463526105
-1.7771357997630162 -1.6655742228355734 2.4356414232340646
-1.6153981735521192 1.0395954805985355 1.9210075539665175
1.0438479815626325 -0.7203075234124832 1.2682513697595625
-0.8191404372436919 1.5198308437365915 1.7265216041222498
-0.8136701856631667 -1.8497282268108304 2.02078046410239
-0.9360300305982099 -1.282269885453121 1.5875667788542458
-1.396614083184951 0.2315290773223211 1.4156753197666003
1.0731979760453756 1.6257822333152552 1.9480558939495112
0.3846287842160976 -0.7559544075326539 0.8481782642319945
0.1474474005225419 0.38995715323805946 0.4169020475871836
1.7153705395485668 0.26269804493557203 1.7353692260623135
-1.77472031753432 -1.3049903716868716 2.202869055496617
1.090512919868008 -1.0760943339504214 1.532056605990539
-0.2607559146098586 1.7393746169502036 1.75881144671471
-0.8100466115886658 1.1860760559201804 1.4362979925396573
-1.6923027716629102 1.0876254310634872 2.0116703878304727
0.6205544099692633 -0.9250999110438762 1.1139558434451915
-1.6379384736693066 -1.3776866396012553 2.140295054533822
-1.8179669371936962 1.6035011939056991 2.424091554291304
-1.7437994303433033 1.2968050645060742 2.1731405450624295
1.811238408505755 -1.738214351611334 2.510373220179436
0.040153066673749294 1.488406183630607 1.4889476942569657
0.1301205696261949 -0.3951919477771755 0.41606254124562
1.3100116671147326 -0.21420176952107006 1.3274083644616221
0.16680109884848804 -1.8397182622007762 1.8472644344684674
-1.617919181998202 0.9736336350212298 1.888286242793286
-0.008591540653366536 1.7480289758383067 1.7480500893684705
1.6110927752401372 1.918280473549621 2.505078822239477
1.7680989460676244 -0.5969381101387041 1.866148169471388
-1.095499925085793 -1.674448770116415 2.000974455011196
1.535458480919166 0.2719532860610645 1.5593560646709284
1.2946068391626824 1.5914282508674926 2.0514996333575004
1.4824463790459426 1.5942947848576088 2.177021618581358
-0.19185877405527485 1.1093591923925876 1.12582752094978
-1.796418633310151 1.4619431270479835 2.3161169255516327
1.4819940751422926 -1.1830076045545068 1.8962630174083583
-1.2199121779443356 0.12418280458046116 1.226216575834123
-0.748341722573552 1.7258247079798217 1.8810864563910898
0.2105719864048199 -1.7149855882561091 1.7278646154674921
-0.900711779557855 -0.9793338359527599 1.3305549489127555
1.336171065102853 0.4404731630186616 1.4069007507844173
-1.7103178518368871 1.5807799717096565 2.3289595258978477
1.0344259629130583 0.3303819587732644 1.0859048353476777
1.545656312597206 -1.967499028329918 2.5020203562622676
0.4278509928567411 0.9612472845010656 1.052165773083867
0.5777760765881093 -1.0741192993659618 1.2196546494594172
-1.6447242004630311 1.6975175272241545 2.36361660402485
-0.17094236886216674 0.9090268627482399 0.9249600697706449
-1.348261000609675 0.8953039063026864 1.6184488902668046
0.8210273843639984 -1.6308581922501473 1.825865386359303
1.186682800322087 1.367987894250291 1.8109685108790863
1.2958774255222956 -0.33666190684160036 1.3388948956122415
-1.1479377181880892 0.7921325062019076 1.3947167856667504
0.26285360678061664 -1.2924615204563326 1.3189195579935395
1.9756993375123972 0.7576070673595838 2.115976450899233
-1.8677341137023609 0.7468072034729571 2.0115048393296604
0.7549022583922849 0.8518830260961909 1.138236403334815
-0.49631903578522785 0.5213400262504768 0.719811092060706
1.2212335204861917 -1.4791372148596826 1.9181392577031409
0.18492538753513177 1.6582588069220714 1.6685381834676813
-1.6705835691646032 0.6794235046278061 1.8034593869015945
0.601226067971476 -0.8260856760582014 1.021709513020691
1.1088373046393478 -0.10394633521606877 1.113698796248207
-1.1497391431555348 -0.9713238771518835 1.5051146705913774
-0.9914620955842706 1.8590555964290099 2.1069135714581115
0.7060398130041818 0.7562329596860033 1.0345919518643243
1.612782749610587 -0.7061142752039169 1.7605867110393167
1.286052818628253 0.002020217743529784 1.2860544053738183
-0.3950455837826281 -1.4649853485158593 1.517314431695781
0.057775637414943404 1.719269795457147 1.7202402895671183
0.12189033986363285 0.9273538927218183 0.9353301541693081
1.6880579165827694 -0.32767416092744917 1.71956677261375
-0.14685516397369813 -1.4245744223636603 1.43212385080289
1.7239451084147968 -1.713408165755669 2.4305872293142476
-0.6674954537523679 1.8168204738826015 1.9355585279446035
1.5461872573747648 -0.760308244751867 1.7230100585619812
1.740984212291683 -1.3958634964573662 2.231470575246529
0.5810395079727995 0.013604465697907742 0.5811987537084009
-1.5594337123950055 0.3211608234401355 1.592161354218477
1.102393221115051 0.18179306084439517 1.1172822073816406
1.3673386641954286 -1.545510096744036 2.0635446401135837
-0.8281025618583069 0.28511956568747454 0.8758122057234102
-1.7764140636499484 1.8592141929786177 2.5714440186219214
-1.0383294918789012 0.19270249054772748 1.0560598390095108
1.0937247866588837 0.5720141608528495 1.234274730020918
-0.888196475966871 -0.31033860870945595 0.9408522902005868
-1.0228860347785016 -1.3771676322460582 1.715484341942852
1.7141767427107144 0.1887223688887465 1.7245341509431744
-1.421843363695925 -1.4932851221855072 2.0619260430545823
-0.9592300491194541 -1.4061297077024912 1.702152473198921
-1.838932160064017 1.0258601152946571 2.105720889735883
1.025511569623876 1.7687323997271651 2.0445264198041175
-0.8758570652895967 0.5147093955080164 1.0158992866627738
-0.5464048203809515 -0.5733230800883007 0.791995948157234
-1.9913182572852364 1.6986494589284469 2.6173953438705846
1.3377258066101145 -0.6631707969634411 1.4930860121291765
1.7287865725059648 0.4904575584542199 1.7970118613748203
-1.0332135651901133 -1.719018020216283 2.0056303809827907
1.9355916392755343 1.9513420921440465 2.7484997643453517
-0.22434955453783356 0.8663670060468727 0.8949438595732955
1.9183198826358847 1.1411686294238406 2.232088038787279
0.8385875813243153 -0.5842267035115087 1.0220322757365783
-1.1751197858604403 -1.7361055678530741 2.096418148617096
1.9470445136098018 1.1030613422676616 2.23779504485629
0.8118148481496918 0.691981106009183 1.066715144145802
0.05626599116721476 -0.11315116999577945 0.1263687027449553
-1.169915627013018 0.40656770230085115 1.2385474843071043
0.051153797522439426 -0.8898838393438204 0.8913528810332444
-1.7601039512717032 1.3898666109447735 2.2426981775311123
-0.5855961858840049 0.9567355245805693 1.121724456770178
-0.6161699599504713 0.9343534832685982 1.1192327064741845
-0.9908460316350585 1.664140916764004 1.9367862167144527
0.46078898951909064 0.6270630320693353 0.7781609981552743
-1.6281933157523314 -1.1990621301099225 2.022069104982398
1.1876646527052124 -0.5304692212847186 1.3007478318320613
-1.1792630116671496 1.9716805738067036 2.297430202598766
-0.9022527744241424 1.706770254304696 1.9305762792325454
-1.6701697988774358 -0.22551373283969411 1.6853259627685047
1.848423279329995 -0.6607221936465315 1.9629626681998151
0.9013467407745317 0.6678409674221726 1.1218010094808502
-0.035603048531375414 1.7346223012637108 1.7349876383150802
1.1993734523239876 -1.6421177509361282 2.0334815922646285
-0.6265427779996946 -1.0720137147981923 1.24168001408535
-1.9864054831520477 -1.4832025355549305 2.479051533343568
1.6480388435073703 0.0026565163505303246 1.648040984559617
1.1477596547367943 1.1818692826250992 1.6474729819497167
0.5363438884541818 1.2926393468032407 1.399493210982483
1.49596315821144 -1.8659443356125216 2.3915798197698526
0.8399355909530488 -0.9002370989228314 1.2312264743850512
0.25128675323862115 0.8172749831673078 0.8550341691794141
-0.2710678116249765 -1.4296701367819287 1.455140700587133
0.485251364841532 -0.6002531295063953 0.7718631397876121
1.8980770713533532 1.451664675736497 2.389566257624691
1.6314472377503098 0.7485856579870598 1.7949931968971455
1.7827917819749581 -0.02057972919072526 1.7829105594872139
-1.699044638687714 1.82315215494632 2.4921148577741907
0.14964593973251183 1.2389505346005558 1.247955261403801
-0.11797277289041919 -1.912772734925479 1.916407344647205
-0.2654642822735038 0.626637709708219 0.6805483850479322
0.9698121124926038 -1.4028654962734333 1.705452178799474
-1.9571141580411613 1.524825175309453 2.4810053693740097
-1.1034763132250163 0.3006859134700184 1.1437097500712206
-0.8919804005176069 -0.3549535837444937 0.9600109798958602
0.5097233088328235 0.349908890765672 0.6182670000932808
1.3946581410750234 1.9446297305773648 2.3930432757290943
0.762514109740331 1.1474609298974476 1.3777134510464086
0.30898087976236255 0.4545520084062282 0.5496241555871242
-0.3564737541448162 -0.8877508319752465 0.9566478333571039
0.40880895946691087 -1.1422391087461143 1.2131920486425618
-1.1141837064065347 0.6966013781244058 1.3140239007060048
-0.9621660115722479 0.10891695350948094 0.9683110742868913
-0.9485012214064632 -0.2513634556794333 0.9812431675485231
1.6121116082729046 0.8071757560812101 1.8028967077271854
-1.5714740844375603 -0.2004872381261027 1.584211453913366
-0.9541978824484056 1.1748598432150628 1.5135353481396934
-0.7422052802472612 -1.5879586502045928 1.7528494951896205
0.02057421325340414 -0.04794495251387154 0.05217295010399496
-1.0025611943594273 1.2549548838271853 1.6062505124908462
-0.83156994568402 1.1050822882222722 1.383009558284937
1.2289093790477477 1.4867016691606931 1.9288597966147545
0.8866215189248994 -1.2195518884811003 1.5077813258289525
1.022903882158725 0.5151925366476364 1.1453190393741026
-0.8388866970838977 0.7906641286615068 1.152770859666565
-0.5639308132198693 -0.6022422640472929 0.8250537598869738
0.45938634591428684 0.0013639866926107302 0.45938837084995787
-0.8630377244771337 -1.6540094408329375 1.8656316207212922
-0.127952069202788 0.2713239880754639 0.2999807302452101
-0.9455887620049195 -0.9095712588153413 1.3120434374261092
1.510635480264602 -1.781764326663044 2.3359588331139904
0.5372159677594945 1.9535379488758613 2.0260581219979543
1.5985807537329961 1.7954507427433235 2.4039766629114987
0.41716385465490013 -1.2251242756186693 1.2942005920029183
1.3128144160395925 1.7359991518090094 2.1765051679339003
-0.7431155176697404 0.7755299418355897 1.0740890853579508
-0.06578638632961731 -0.8488859456644038 0.8514312640330156
-1.586350642946229 0.5778849339800471 1.6883303466137893
-0.704980164182694 -0.3117835541542293 0.7708475961771571
0.5932955610361343 -1.8545545568328485 1.9471446343337375
-1.3802117536354173 0.7241420959319118 1.5586424413488862
-0.35394557055897735 -0.5828662321907503 0.6819167922456241
1.092992561822534 -0.8489966333436563 1.3839898928923753
1.3489445226691483 0.21265481552656418 1.3656036744992062
1.1179249448662203 -0.47425395178534124 1.2143611460921147
1.7884413346985655 0.5154980100170139 1.8612524294114132
1.603667217506957 0.880801956693654 1.8296340157041997
-1.428903150665624 0.3269094004977431 1.4658219435238171
-1.4607687538412497 1.2150106899065678 1.9000253495114616
-0.004405382616954334 -0.8729680982278767 0.8729792139103872
-1.5941033210719704 1.2156452293772073 2.0047340776173406
-1.331934574951883 -1.8720677716600589 2.2975394346214193
1.8755452904267251 0.7770170406896275 2.030129458424742
-0.8395042688913747 1.6968168674106403 1.893133618901767
-0.002714343553410714 0.26314271768491526 0.2631567166756892
1.1974094531186124 0.2381738812474179 1.2208669854354623
-1.5857545344015955 -1.7613009666269726 2.3699785945059353
-1.8131982426115698 -0.5736113615677088 1.9017670365029586
0.026350058168565837 -0.23224582342548228 0.2337358510457202
-0.9794886563821414 -0.003721347202548131 0.9794957255681592
0.7251832437997914 0.024913147896551635 0.7256110542336734
-1.7860371406226951 -0.23382368781069562 1.8012779309881877
1.1927913633851182 0.8236638676529919 1.4495424807308044
1.8975066918237617 -0.2765134378619045 1.9175482593233908
-1.3621072327679933 -1.282415802390009 1.8708090238660093
1.2079436405664632 1.4903555625214802 1.9184075535515592
-1.4758882328424558 0.033955035562085456 1.476278774582514
-0.3721291442912378 0.4150506425674605 0.5574469803726545
-0.7570599631286754 1.6121717798824573 1.7810776613111965
-0.10858765108843293 0.6127457237837959 0.622293017785216
-0.6927360802055791 0.20819146343793626 0.7233442902705599
0.8785975301231597 1.6016408820801837 1.8267969605539378
1.224116126881193 -1.081184811568865 1.6332240779690381
0.579553423816499 -1.4187731503102725 1.5325793366409328
0.6667189878682835 0.558980900883352 0.87004244513499
-1.8780959391581593 -0.6214854249624784 1.978253899306952
-0.664131737824845 0.050400435763623186 0.6660414169639992
-0.6066766503667367 -0.16758053652540994 0.6293963729815639
-0.9937016866002892 0.34638647317307036 1.0523433996322387
-0.05180175696483591 1.9429728134988045 1.9436632362680795
-1.7936469119697493 0.8660419755768087 1.9917826056775372
-1.082778231371913 -0.9388901734013517 1.4331515816697507
0.6252689421238351 1.794323213412829 1.9001465849183323
0.06489294817942248 -0.3307151212735864 0.3370216404957108
1.0229239380760538 -1.546254304480458 1.8539891470052805
0.5928076187190641 1.4459852175815175 1.5627840933013222
0.9012646897600973 -1.7067920492243251 1.9301339695222546
0.32083451768722604 -0.19330636647799082 0.37456927137782975
-1.46898497572072 -0.13746903050128 1.4754031968381276
1.834005476913962 -0.16983712480771285 1.841852528926613
0.36728078592590485 1.7434375621693707 1.7817041586339268
-0.09847916544926516 -1.4134723188278544 1.4168987762434462
-0.8158304812834265 0.6387847853346651 1.0361589531371147
0.6295306824005147 -1.374918565218385 1.5121871382424334
-1.4948706272786607 -0.8675879245657674 1.7283943413332596
-0.8815355288375963 -1.1515114637012038 1.4502012066048868
1.072889577953993 -1.14013327846577 1.5655656930155957
0.13049852044053534 1.7743680635209582 1.7791604448953682
-0.4790555139574133 0.003018414255245183 0.47906502301631004
-0.24762937974638 -0.1402513571406061 0.28458874344105517
-1.5133004291394343 1.5742756981620145 2.1836717158623213
1.25880786293461 -0.37705783383554525 1.3140661497210686
0.4275513109694309 0.9018267009811449 0.9980438477913756
-0.49677013282317084 1.5477479015327864 1.625516573758722
-0.042143603810844255 1.8717515892613905 1.8722259733388773
-1.4079240041614067 0.27761877999791285 1.4350338631897919
-0.17254245282730896 1.1786671486089144 1.1912292580513346
-1.7097927538298263 1.6263820665959212 2.3597690326796394
-1.19196495459762 1.9351113684444083 2.2727596576126783
0.5572199020420969 -0.06605769789521698 0.561121768142192
-1.9026998099214385 -1.8445694400380734 2.6500382989303097
1.2298366653789143 1.3212068961113248 1.8050168658055383
-1.6253030375129018 -0.9296759160999812 1.8724068128280789
1.8830339704749166 -0.46997316585485294 1.9407966690475749
1.5132578593280588 -0.18885903788030145 1.5249974049181894
1.0119117399683333 1.3496722469883329 1.686884863817408
-0.854871112843588 -1.6644427391768462 1.8711424990024028
-1.6909643282963307 0.6452708313719189 1.8098991146995096
0.23109088156424828 0.4441958949917133 0.5007124810403978
1.9835337562589714 -0.2014120740281502 1.9937334289676605
-1.322242248482011 -0.36171298145437625 1.3708248774454665
0.5095751749526283 0.4436267077948486 0.6756267570166962
-0.8364183657833033 -0.8989119210087955 1.2278592445192302
-0.8654476192696379 -1.8854114872443901 2.074554423950499
0.30481256801668444 -0.442996802344525 0.5377330829588227
-0.6083761376021215 0.5397396158697516 0.8132898485428811
-1.8004193913838105 0.9112377947174206 2.017886097725121
0.08644468601073463 -1.482504393789533 1.48502254573618
1.9866008415532077 -0.39241090117613364 2.0249862268721186
0.3240564756084465 -1.1781530210926645 1.2219071734356666
1.1293840075620434 -1.7288082250305994 2.0650147978816893
-1.6000963222705655 -0.7439095400365305 1.7645706685483447
-0.5090437610342784 1.435485802997289 1.5230709245648066
0.6022190340491278 0.45216329454937565 0.753073309783855
-1.4059715007248617 0.671838384264051 1.5582434583276936
-0.2142224022258885 -0.8450907939762242 0.8718197564168843
1.6916823741076499 -0.5474463774320171 1.778057026934157
1.5273807661461456 0.6300313476972512 1.6522201741518596
1.1020983389967203 -1.7618090322003752 2.0781221847528966
1.4903851411162412 1.3931330735406693 2.0401146118424203
-1.7153287795216938 -0.7786311827549977 1.88377794355222
0.6260537143032447 -0.21708129066299886 0.6626217170820786
-0.18658103755159416 1.6226936641889456 1.63338519993686
-1.8960704908101649 -0.0726583968717387 1.897462133682006
1.3709443643515211 1.3332387934946217 1.9123321182854696
-1.0732289797022236 -0.8363842857332626 1.3606465802309635
0.39878174897211327 -1.9664656903090956 2.006493008828111
0.7260060610139298 -1.2749928778838333 1.467205384151606
-1.305246919066228 -1.5872855148414589 2.0550291543813666
1.8809846668050554 -0.4752472463654325 1.9400936219506653
1.0205387481644212 -0.891536338881691 1.3551148955168242
-1.2860037411804353 1.8667288425181265 2.266822047232455
1.092244005878217 0.5343718983238244 1.2159565346241215
1.0767014595501552 -1.9002328577898506 2.1840721020198983
-1.8700229245777855 -0.32108068937278933 1.8973872950809383
1.305879835088387 -1.5978093830043631 2.0635689879689645
-1.3198439412570764 -1.879191158242616 2.2963770244648933
1.3627903756938782 0.356425672755762 1.4086294290136279
-0.9873923047423565 1.0767638887038817 1.460946280833463
-1.1911095496554998 -1.8498565826995854 2.2001616612961685
-1.8135888593206761 0.7624850801056118 1.9673555977595236
0.909233537897479 1.392519163377349 1.663074035276457
0.9239460101552188 1.6932290574032196 1.928911835858846
1.9354701271515928 -0.290530412137711 1.9571541925645795
1.5836157964517739 1.0636515149671837 1.9076670401470932
-0.4586878855069294 -1.117814137228513 1.2082644667864495
0.7013603077004067 0.10983535766842323 0.7099085060849458
-1.131942877357158 0.060947483472691744 1.133582495163566
1.9779826620331935 -0.5290969373209169 2.0475250866317345
0.4754972613695507 0.8115772632332927 0.9406143204136242
1.195509629154098 1.2455260831853217 1.7264351992748346
-1.6408377730466057 -1.809170105803707 2.4424260621747265
0.9142549920707648 -1.2696455345166786 1.5645644677815154
0.870664201487914 0.7277985134463503 1.134789331958714
-1.1995603156123664 -1.07207236232383 1.6088145016908064
-0.44421154823677256 1.631578060843479 1.6909674355861137
-0.6317636399440252 -0.2856495453581944 0.6933404355139451
1.7035323042628523 0.01912873235536061 1.7036396978435981
0.253589063965026 -1.530555821552377 1.5514214566811075
-1.7694050368267975 -1.2037868302049164 2.140069371988404
1.2338445345434632 1.6921081572587058 2.094182979418042
0.3086483953638135 1.8852644589050955 1.9103627697302363
0.10192999585731322 0.3134869836717229 0.3296419466437288
-1.68916361290243 -1.454601893715969 2.2291568765691827
1.0930520060299163 1.5504804319921641 1.8970377586850062
-1.3043479008160812 -1.9738476316451221 2.3658820594683867
-1.288440802019764 -0.7560860941074976 1.4939029024712631
-1.121614635788366 1.2455540612713776 1.6761337389254747
0.19657989055635916 -0.07275076810111791 0.20960994163076518
1.9249820502277606 -1.5416814993473515 2.466239594834405
-0.3353990559038049 0.25582560017409417 0.4218284774711152
-0.7893266745637382 -1.1129243122592989 1.3644182364640554
0.016236615305015967 1.148500858498239 1.1486156231079896
1.8193035477922574 -1.5700398601966716 2.403100197997553
1.3741867778067354 -1.2749971841023369 1.8745685156237277
-1.0028832630945743 -0.02814006058258478 1.0032779786304555
-0.14715045636927382 -0.8806051512636222 0.8928150364110767
1.7913598800522763 -0.4467106480591605 1.8462179240139396
0.35642684240924183 1.697121690011711 1.7341459352367172
0.7844309771408646 -1.1729311517351935 1.4110632319669516
-0.6298632849034025 -0.688891247635171 0.9334339337830221
-0.3391215967799761 -0.6850782072890773 0.7644184766899716
0.962746173513886 -0.7856837423567233 1.2426500463200796
0.07050576021139587 -0.5068450903511472 0.5117255200163946
0.6414959142413732 0.27434494676079435 0.6976977553364768
1.598980886592881 1.3387850978656957 2.0854460947136984
1.3012508743556817 1.1406796823424523 1.7304346204697547
0.2486293395797965 -0.8292668872965319 0.8657367491716894
-0.90262145687793 0.758443138185954 1.1789662795338105
-0.4527073092283951 -0.4340328546444603 0.627159012324333
-0.8147952389141064 -0.057569024483211884 0.8168264650077423
1.7925715681656227 0.5839446507627235 1.885286233480253
-1.397077285864567 -0.5022529867367336 1.4846154402284366
0.40344779998872227 -1.1774261751169801 1.2446294730426166
1.157351378506159 -0.09006487891800052 1.160850505338487
-1.0542520904179273 0.3981064618545016 1.126914471076168
0.47596648010077747 -0.5148700780155426 0.7011670895123749
-1.7305078874028004 -1.7348937061110474 2.450410928776443
-1.9182906848947567 0.6937212865317397 2.0398745978959707
-1.3839876128908513 1.6992242717797215 2.1915256873786904
1.3437462789069228 -1.6909612853114737 2.159862062840688
1.926813864956343 -0.051747471915336796 1.9275086176299263
1.2003263388920242 0.6316471429711061 1.3563780568342632
-0.3320737707642962 1.4178987267934797 1.4562656998886532
-0.4593097565222406 1.320240180921993 1.3978553529451667
1.1088945167174211 -1.8383951695302407 2.146938249824174
1.842313534305931 -0.7461453415814123 1.9876750311483145
-1.9576800591450105 -1.3373185522107347 2.3708505064767427
-0.22806317144273525 1.2709513039703495 1.2912513416188385
0.2412072773669447 -0.29877976969950737 0.38399257992370744
0.8591645031576842 -0.4431982423613743 0.966741085047285
0.4802629398843363 -0.16935807459978047 0.5092491029530543
-0.391729443267411 1.9355106782887717 1.9747540460757276
0.9478078579483551 -1.8699348949427153 2.096424634207744
0.024879772665555855 1.4965622347588257 1.4967690288064557
1.7838496353323343 1.1362667831712612 2.1149992255350045
-0.048248269335604554 -0.4961174048571966 0.4984579971232486
1.916120528591275 -1.755555549383108 2.598748384714983
-0.3351356595465944 1.700731680321537 1.7334370939693917
-0.15758434654873366 -0.43096294029018356 0.45887022368067387
1.6002075330730001 -0.6991511190883459 1.7462750173515234
-1.2782380396903008 -0.4465750787288778 1.3540021370193647
-0.03532845561639242 1.9406797370087459 1.9410012729033885
-1.8802190696166505 -1.7977559244702848 2.601374658467732
-0.8631008100827167 1.2336584444350587 1.5056082378531843
-0.3101772734056141 1.6310524481775301 1.6602837196224192
-1.789321146741658 0.9760849940163485 2.0382374939444072
-1.6500994139643224 1.7367556460767153 2.3956519467870847
1.7671665362237885 -0.36350382038397555 1.804165345577541
0.854375691083388 -1.3320277459646706 1.5824840402146043
-1.9735967940484516 1.6188851975288667 2.55262092529549
-1.586570876986153 1.276191297748479 2.0361412957232505
0.4345917876391745 -1.6962418058722877 1.751030064239987
0.39241526390292236 0.9423126805882687 1.0207560567253318
-1.6204861889036382 0.6035298931542723 1.7292263646955666
-0.6935315359502336 1.7427969151361413 1.8757204159377114
-1.8629522005680546 -1.0125998865465808 2.120365400546685
1.1836470872230036 -1.4890155779513368 1.9021534686962707
0.17755865485663325 0.41816841162549334 0.4543037490444967
-0.09728777051167992 0.753331345053013 0.7595874049314635
-0.8575704038028551 0.7371305622212265 1.1308352944788969
1.596523434237601 1.6416560891017502 2.28996108939752
1.6662697931130506 -1.4785093883275868 2.227654604020521
0.9006256058617153 1.5742044458014472 1.813627888822518
1.116534234254254 -1.0373714085124712 1.524069596659182
1.8181747175576035 0.84608990392669 2.005399568438257
-0.24882415186608675 1.8512711088225293 1.8679181397783133
0.4018086997217303 0.12002893591063568 0.41935328379292214
0.49982945208891394 -1.736893640241603 1.8073818076674424
0.5357358685618188 -1.971632545795356 2.043122075771089
-1.0434656565658535 -0.39988288999555976 1.11746449703944
-0.18027007397533978 -0.17404583941466534 0.25057783977963805
0.19045485136172058 1.4405921802878678 1.4531272760201592
-1.500034035599974 1.0708005167637236 1.8430181373659353
1.9527223481819185 1.06602075235251 2.224752753349306
-1.716354317015015 -0.9194408248855988 1.9471115972132642
-1.3544820206642676 0.7200009029515861 1.5339565980019958
-1.2858724909150103 -1.8479425491737151 2.251301785176439
