0 2.5700263609293703
1 6.45890162379882
2 9.204448544261957
3 3.513081466998589
4 3.7383908686581484
5 4.8141152962930835
6 0.16513308920049466
7 0.00012218748896659999
8 0.06978939654468208
9 0.5668920132440518
10 1.5177974430905816
11 0.35645185333271195
12 2.3923895516892024
13 0.21529452766318508
14 0.11396510852916635
15 0.34811805221801667
16 1.017292328953567
17 0.21914506812766021
18 0.030117924705165177
19 0.033511576856886494
20 0.25276939629795747
21 0.15837780620260955
22 1.6341628345404609
23 0.1041837924980907
24 0.09817180759282192
25 2.402892180922794
26 0.0519305645765278
27 0.005005253158052515
28 0.038683110536946334
29 0.026837552662986625
30 0.6760171348728112
31 0.08458160160368204
32 0.06166862356963661
33 0.8369540628514409
34 1.1616818341071018
35 0.3804611590027772
36 0.04562102656147932
37 0.27210569606248003
38 0.08073220367852176
39 0.2295304255584153
40 0.3468116199800319
41 0.12538443862402268
42 0.032205265583589625
43 0.11001661268843269
44 0.20587454735488872
45 0.7518793107345734
46 0.016510528947584032
47 0.054868092665155445
48 0.3825564496328805
49 0.008303235187886247
50 0.03262573010973158
51 0.24268461526948715
52 0.030068830315622887
53 0.09308541291711604
54 0.33782034676065076
55 0.030133921985319737
56 0.03600553789638715
57 0.015824014518086266
58 0.06826688447114383
59 0.0002842389830548971
60 0.02305837438167095
61 0.5297896920188832
62 0.16798183422506863
63 0.07292672023633665
64 0.010086733985564271
65 0.006385800832778345
66 0.9704150760918285
67 0.24484285299080738
68 0.0848128831054126
69 0.024687974289810462
70 0.06573470529020052
71 0.04254165745459295
72 0.4064286476599108
73 0.06577637652958705
74 0.11327811762846467
75 0.07429707503243689
76 0.08205305589599786
77 0.13054207194460374
78 0.007685291064601836
79 0.0021178042116157484
80 0.010082177070535384
81 0.07129517519668455
82 1.232656831661923
83 0.4431077733952079
84 0.03023528082698722
85 0.2914394289475028
86 0.612362973368774
87 0.23864552567089264
88 0.09890634261282515
89 0.02380203671318666
90 0.25219863160291556
91 0.21184986428142788
92 0.9613258835362012
93 0.2565251408740709
94 0.3463879473911528
95 0.0006269828568036219
96 0.1155564739524511
97 0.06272483989169801
98 0.6023181059955498
99 0.01392245106035855
100 0.00012037565685159528
101 0.19979449608482508
102 0.3226675356076491
103 0.4425481245716701
104 0.38865152650619555
105 0.10283687071981605
106 0.043749031359491763
107 0.7669267169963452
108 0.6103223498676152
109 0.03095695011337
110 0.13802637124484826
111 1.4864226672803758
112 0.024989324978296847
113 0.46598939582502835
114 0.00023725315619718335
115 0.13320109863759463
116 0.002402324428524762
117 0.0009340860053773438
118 0.0012802894952945944
119 0.12836291641079636
120 0.6841123330986487
121 0.17754373712412302
122 0.15347618416125128
123 0.034581858517476076
124 0.0010314320952240614
125 0.046012447306842355
126 0.3161227112490931
127 0.0040013356117992475
128 0.5200358219954669
129 0.023758153818742682
130 0.06570645032606863
131 0.81990298811267
132 0.07196216285033154
133 0.3847502918227086
134 0.7085676512400158
135 0.0024874953692472033
136 0.08047934473011745
137 0.08222482624594496
138 0.028993647049546486
139 0.0012150034978544474
140 0.4671576136746261
141 0.0424703893657598
142 0.035794331204571546
143 0.08896489402071218
144 0.13965856805537688
145 0.21937833647762575
146 1.371791174298225
147 0.09502263436740603
148 0.020129192236882837
149 0.48171081287418976
150 0.02633966184513424
151 0.6118645960433802
152 0.12141414829331763
153 1.2531205832091095
154 0.05038040591228517
155 0.13186016359098546
156 0.06875198634559432
157 0.05631638878716416
158 1.0649766640058833
159 0.3295432255026312
160 0.023451591334928388
161 0.014226461302379522
162 0.21348636722936531
163 0.5975869094875351
164 0.03539731923122556
165 0.01925409805160566
166 0.24229898603922506
167 0.028466957615112906
168 0.016350633240591057
169 0.008857436832779442
170 0.22093217280591906
171 0.07662047493229038
172 0.10043677382937333
173 0.3874403132054718
174 0.03128118369989937
175 0.31676188957987117
176 0.3588331168890118
177 0.002702681130621872
178 0.30996255281894264
179 0.12931626970092466
180 0.096231778098877
181 0.7792927297242219
182 0.35940834519162607
183 0.6951377085294941
184 0.10895556486158994
185 0.3496593459512633
186 0.013597514796790123
187 0.1385101064863865
188 0.0756420255014899
189 0.005277751609942212
190 0.0017778072569595237
191 0.7589975046092386
192 0.11191449598206213
193 1.1217460869458333
194 0.3519125685004209
195 0.016935720256244083
196 0.6762253270783236
197 0.036785226677271826
198 0.2225678133725628
199 0.353147784910044
200 0.4793170085336834
201 0.2526068566532167
202 1.5173102680317445
203 0.1540988518215381
204 0.566666433594347
205 0.008330179556185726
206 0.17532666872673452
207 0.22520047791826095
208 0.024335903111752953
209 0.09409494354737247
210 0.007006819254874935
211 0.31252284377276707
212 0.6796231581645739
213 0.022508532311069446
214 0.07578020602930201
215 0.5956391359165996
216 0.16850585137755728
217 0.34766080160539137
218 0.3909612585970684
219 0.2320759332415192
220 0.3835191669541224
221 0.4512476219603872
222 0.4382942238331869
223 0.5890641624446332
224 0.3979932507002537
225 0.33665291953508547
226 0.1553360246409953
227 0.059637925479409264
228 0.3163596621360277
229 0.06564478327178855
230 0.06245655516815608
231 0.00013661369960000976
232 0.17779379760717515
233 0.005839687061804362
234 0.010916936465237883
235 0.04572444224609943
236 0.003396761809787422
237 0.4763284696604755
238 0.061026335387566494
239 0.0011074386036693203
240 0.05987695715228362
241 0.14343474109834511
242 0.5558109214541712
243 0.16178905632530163
244 0.35371270744918387
245 0.00722524063476399
246 0.5007762969476568
247 0.1683560689015521
248 0.3108038061111566
249 0.12430798091842131
250 0.2700989265576995
251 0.5831967678565545
252 0.11696080735771525
253 0.19023906734701282
254 0.3020966734208147
255 1.0245034684052616
256 0.13738548270942774
257 0.339216753650326
258 0.310306505667257
259 0.07093195693807827
260 0.0014492824982688254
261 0.0749071088955152
262 0.4579597494850351
263 0.12358111450743949
264 0.047232679971047416
265 0.14543698753680295
266 0.4597859861294467
267 0.4289179495434312
268 0.5442979755867996
269 0.004134464795338417
270 0.14234305807568828
271 0.487673029612572
272 0.028123812227468868
273 0.041536036811917754
274 0.011979364069510523
275 0.0701743836450843
276 0.013644497551385984
277 0.021902586082465543
278 0.00033946038648243696
279 0.17571590992272404
280 0.1623269789652132
281 0.021649843789088897
282 0.006164061744365662
283 0.5393491981702625
284 1.8786074385360882
285 0.21088977565641068
286 0.0359042309787319
287 0.1297075619248657
288 0.02236825740586449
289 0.0678594532965278
290 0.5349480185001977
291 0.0022036121855983698
292 0.13589761637720582
293 0.4757930706287533
294 0.10630924772512637
295 0.4407895879359195
296 0.10667236200212185
297 0.20683852995354907
298 0.0036925117249942334
299 0.050934047411488576
300 0.03690628704926507
301 0.01260904773229721
302 0.1803371448672284
303 0.023840763922033482
304 0.05630209387207973
305 0.020208199454957974
306 0.28979411803682986
307 0.7029250493995266
308 0.6295269710895186
309 0.0008160523900877629
310 0.11312748068122515
311 0.1954554656937174
312 0.7637871875551224
313 0.05873666138092879
314 0.05551446518922669
315 0.03853021392539382
316 0.31820601106819196
317 0.00015681168254318782
318 0.0870616670427663
319 0.08409535582908778
320 0.20725111614119546
321 0.08040880466605896
322 0.1795919035439038
323 0.016410838368997992
324 0.24908493989047756
325 0.0017450008020054822
326 0.03578599142105643
327 0.07413869358351585
328 0.431547989833414
329 0.00045038955781861865
330 0.21124330533157468
331 0.3070396218244408
332 1.0363869370972258
333 0.46547033640342245
334 0.08346770297818261
335 0.010674521925416637
336 0.23494147317743636
337 0.39901588990565917
338 0.19225391499467182
339 0.642597887925679
340 0.021739132152551844
341 0.07987221866766693
342 0.45097345675444145
343 0.4338104516552489
344 0.007014997409286062
345 1.2335317101083125
346 0.11198214270418033
347 0.2863359692608746
348 0.04151627588918729
349 0.05207248048836036
350 0.0005419611908666245
351 0.00047831175798154795
352 0.01741667565716456
353 0.147443541670715
354 0.29295407421823055
355 0.19812445303101822
356 0.02094476275620436
357 0.00003475916535193046
358 0.18243015023551704
359 0.09674014800317622
360 0.19286634759198323
361 0.018630432148974592
362 0.03032396110215674
363 0.0051738793152778335
364 0.1149531874546972
365 0.3008646013503958
366 0.7582222909945102
367 0.0955271146645678
368 0.1568187830499295
369 0.14274225961593207
370 0.29990088275796584
371 0.2519799655344499
372 0.14162109313376547
373 0.214297245434703
374 0.30190873033787263
375 0.19756272091352942
376 0.38953447663266855
377 0.022868535852078577
378 0.08878144061523704
379 0.08400736027934744
380 0.14475375667007098
381 0.00010749093446278535
382 0.0017501827775771761
383 0.15125835425755374
384 0.07075857754240766
385 0.6723325595172116
386 0.4122601305397102
387 0.03329637023834508
388 0.19371959942953793
389 0.4366543262233797
390 0.015775626212500414
391 0.11090340698747778
392 0.27072646276280704
393 0.24334425867671033
394 0.030316898754521877
395 0.03777802789916519
396 0.008041653398757148
397 0.2023092472304306
398 0.4803151715945778
399 0.05899830406127118
400 0.12486499182136632
401 1.023990546996292
402 0.2804329769600973
403 0.1620169553062879
404 0.09493885659668733
405 0.045729152794141435
406 0.2265598357474228
407 0.484128821957118
408 0.058053639314568674
409 0.4367402799402526
410 0.019714315652555107
411 0.06413321634768057
412 0.03698344695459443
413 0.2654469097703179
414 0.00028567644388789433
415 0.045423057476706614
416 0.04994718510026184
417 0.0011348489165921864
418 0.3285346210901302
419 0.05272713538397449
420 0.06457671591372519
421 0.007338489989992513
422 0.012433897296926368
423 0.0016476218884553613
424 0.006006916794806879
425 0.19364383384855155
426 0.12807324804015816
427 0.03935898181650305
428 0.3814253179108131
429 0.0036635726443267308
430 0.04345012326069148
431 0.5703825314268549
432 0.42738761991131174
433 0.0623865088539131
434 0.30460662309365905
435 0.04778772912127349
436 0.013847884733765602
437 0.744597950812529
438 0.045086657248948746
439 0.06832431799384897
440 0.30359668940261525
441 0.14741964048247824
442 0.6355257834762913
443 0.2786239373939828
444 0.1600486618307247
445 0.2744213195970354
446 0.01439063712333442
447 0.4596934321691938
448 0.06363111951859333
449 0.08334063115611717
450 0.14531453847029
451 0.1504868841247401
452 0.04373457162467366
453 0.2781412361531068
454 0.09887596562008902
455 0.008638860663177558
456 0.4451722444089184
457 0.05641085449275393
458 0.5319905690677882
459 0.005819508418923801
460 0.03948034599239236
461 0.4180610837538993
462 0.028854555939710817
463 0.012033233524867931
464 0.000015033767674002881
465 0.02069059406487489
466 0.014587185654956562
467 0.1083333901118773
468 0.011966274171358374
469 0.0320703275267414
470 0.00283067329097835
471 0.2578191318960951
472 0.09643767271828305
473 0.3731293219821043
474 0.08336118440617074
475 0.19380830363403065
476 0.08962457583997128
477 0.3410486466621101
478 0.05185679349859929
479 0.000014449148790151427
480 0.00005694369624272107
481 0.3434750356367433
482 0.12706613866854358
483 0.004942903906400446
484 0.0001361002993334885
485 0.09435824069290191
486 0.14797963625702165
487 0.21222037374350405
488 0.08715863892123776
489 0.5189768918390633
490 0.00013302317440420106
491 0.1036820398153537
492 0.014231270233557962
493 0.031800489381586104
494 0.09619325150964898
495 0.03109396266707527
496 0.5213326186028101
497 0.020957027872725152
498 0.28808549795334415
499 0.001803079083893737
500 0.6118232412551544
501 0.7954740972568031
502 0.0038831047007118384
503 0.000661179204725234
504 0.20784831792864839
505 0.0022776770464597103
506 0.00274009375760061
507 0.2111705300963646
508 0.016610824010457083
509 0.03303477933202929
510 0.005698278187221403
511 0.29518509850383184
512 0.2619294129647389
513 0.014709774130603698
514 0.03253991999739565
515 0.2315564542212318
516 0.42372444798001246
517 0.000005596443711216431
518 0.02443259719090319
519 0.10451301168580955
520 0.15383868047995622
521 0.005332898026483324
522 0.02749073361468276
523 0.17962294765594744
524 0.13165786606626462
525 0.26097167773943936
526 0.4266111737652078
527 0.058739697156740156
528 0.002211977482357054
529 0.3999615457608413
530 0.015944074140833302
531 0.17383126463827733
532 0.2851311944389803
533 0.14973499829319345
534 0.3118649342193552
535 0.1856089774780849
536 0.291721573808001
537 0.006260195925870322
538 0.2750477709558288
539 0.4277796481112801
540 0.14632428401517455
541 0.21137162325157716
542 0.08365810547037998
543 0.007497040488924506
544 0.02316511561668614
545 0.02063595326204771
546 0.17491694540671937
547 0.5225526003784389
548 0.0071383056375894476
549 0.08440566273604104
550 0.000010998762102203422
551 0.41541083963589703
552 0.00891903780319486
553 0.3192781592047485
554 0.0003645922822875276
555 0.07238776019670803
556 0.3459953412076842
557 0.8329898366737778
558 0.2647903635183324
559 0.040462121597067226
560 0.014400411103645405
561 0.021030925359682782
562 0.0000331384750934866
563 0.13569195526833608
564 0.08607184661017868
565 0.0757380813712908
566 0.2399599035952901
567 0.4205003388135005
568 0.0003408228964081073
569 0.4151253350836452
570 0.35040934200208407
571 0.08276728391351286
572 0.029787385152882363
573 0.08147077731318911
574 0.0651367560859025
575 0.00006963581632934854
576 0.30112731729787817
577 0.07208715397194507
578 0.028528150304611526
579 0.010166361702588406
580 0.01916301691845488
581 0.04246139351217757
582 0.018015971899826316
583 0.01035645796387838
584 0.03358075172949667
585 0.008004361689393917
586 0.05382899117145513
587 0.0013685243425824222
588 0.13608775900115963
589 0.011159979133737298
590 0.10983197391413105
591 0.02347445989288204
592 0.09900619906154129
593 0.05938736075478436
594 0.3237909362874899
595 0.001967428641378562
596 0.2108947687836658
597 0.023449640091867594
598 0.02809798116672984
599 0.2529260752975173
600 0.45617673047126234
601 0.0015127474901367513
602 0.44835825773899274
603 0.007249920473722717
604 0.2492835998065061
605 0.1569469040981421
606 0.02479178678267425
607 0.02091407874916807
608 0.008459196381023661
609 0.10889478933371284
610 0.1996209651558313
611 0.004706609681757372
612 0.08733447970982244
613 0.12677337495487692
614 0.030541546850969995
615 0.00003208957132334857
616 0.0005660671171446994
617 0.04072568324196741
618 0.4122802026664433
619 0.0533608754155678
620 0.6498421354942796
621 0.16397536010356858
622 0.044550459735557844
623 0.42464579091198484
624 0.0015331893898374036
625 0.004240040283858115
626 0.02642617912059208
627 0.000003827258281176684
628 0.13926279781990594
629 0.0024018499153230254
630 0.5183925278273428
631 0.44604869698197963
632 0.3419260435065707
633 0.03863360114300983
634 0.04259462973585512
635 0.3188983340187783
636 0.0034126169808062472
637 0.4732244632958141
638 0.0547949248624575
639 0.00003838962698005112
640 0.06067242373637395
641 0.256771628451879
642 0.1351807092721468
643 0.016463390757149518
644 0.006973766312306441
645 0.5514217769485051
646 0.039423932222401724
647 0.1277900360892913
648 0.17620575157945514
649 0.27565899856553167
650 0.11847307797871848
651 0.8031989066848911
652 0.4362712217203658
653 0.14989101677073363
654 0.0002382295967156389
655 0.5680647437395837
656 0.005422844895385874
657 0.20133527500400414
658 0.16362310465102436
659 0.0032013143643451055
660 0.02934136881823656
661 0.23370551375502283
662 0.01794784440001211
663 0.061095373001239614
664 0.37029821018691406
665 0.01586898633011715
666 0.4135289028653111
667 0.003751142724335257
668 0.008024528230374986
669 0.5964835617921198
670 0.008254870485302549
671 0.09108387047489033
672 0.1127785113600839
673 0.10183550002280464
674 0.06139332175695972
675 0.010902055006199987
676 0.03954044724026131
677 0.009029065309068685
678 0.3034159969421042
679 0.098621417402635
680 0.2394695105180723
681 0.0106308830803177
682 0.0014865839314830043
683 0.00122721278618726
684 0.0201437898555466
685 0.12033647036833905
686 0.2236116754645761
687 0.012506693745296997
688 0.011938763857431787
689 0.03857675327913038
690 0.0001940435715729737
691 0.20977262045165332
692 0.014025281017651025
693 0.007186277033875848
694 0.1965553004497986
695 0.2634431702605964
696 0.0504964252067779
697 0.1499983390013239
698 0.02763739272485137
699 0.10286419831608393
700 0.10987919180936044
701 0.05429246699781441
702 0.17506211937539576
703 0.08515798567855272
704 0.025704329619909733
705 0.2672266715472015
706 0.10023888118111637
707 0.2120568812373057
708 0.002255435986127403
709 0.08736105525577352
710 0.06309567490342743
711 0.005354601795023746
712 0.0024454826996586757
713 0.6086310920332247
714 0.07727106031010433
715 0.13099602785951536
716 0.5087525773606658
717 0.17230905642371577
718 0.021559856301069803
719 0.00014001014415534178
720 0.09214682398566787
721 0.07840746909426662
722 0.056032729582647274
723 0.013054556868017179
724 0.09339188719060237
725 0.11261572049579842
726 0.1010006680697751
727 0.5359367394664373
728 0.010559325911156022
729 0.00834551787819994
730 0.045184273366802315
731 0.233015578370499
732 0.11028390704975487
733 0.16440812035166763
734 0.02108054756699222
735 0.019535674179507044
736 1.4954282993879915
737 0.17809101780897987
738 0.0005765679096766706
739 0.023572780597290354
740 0.0026030976276920233
741 0.011791908378670049
742 0.05551136885896011
743 0.1921660448742275
744 0.000004313579283538833
745 0.13626802462747592
746 0.0039704845031735036
747 0.089156104411705
748 0.1862515079576838
749 0.0733386008142855
750 0.00003379830116698011
751 0.0026192949132434014
752 0.029550931484881682
753 0.0020910262241032864
754 0.3057178802721639
755 0.0946916161922902
756 0.2484424056780386
757 0.08759167875675412
758 0.30067767803129963
759 0.08411517530936831
760 0.011185143177870914
761 0.7003460425844316
762 0.08890258519083051
763 0.019518154438983026
764 0.18634962395357607
765 0.11602979751511215
766 0.02787799831937669
767 0.17692492734988005
768 0.010211777854422554
769 0.001957100934217916
770 0.006312837321368054
771 0.06395749269000978
772 0.0022246063951483932
773 0.408576940995654
774 0.018325730885737572
775 0.0023093580838378838
776 0.05541123429360746
777 0.15737451626841806
778 0.06197749150620653
779 0.10412352698637674
780 0.24589653323911756
781 0.020718483493952188
782 0.17175957263808117
783 0.0007322742598791368
784 0.0059241916506693505
785 0.007569977147399268
786 0.07178747743947952
787 0.057299331073643205
788 0.005465706973074945
789 0.07767172586024411
790 0.07406802087312223
791 0.23828616403363695
792 0.0000015006031729937034
793 0.09646044973196921
794 0.13192101565610145
795 0.07117807257143254
796 0.05377973942345832
797 0.059240058301739174
798 0.019946521466948933
799 0.1208598462077087
800 0.0025144784405326114
801 0.10279550200052649
802 0.5431152118791422
803 0.06599598810196447
804 0.0022645220749612114
805 0.009853010003770285
806 0.0760468388811502
807 0.020852336665834054
808 0.21846411046942543
809 0.15713713728533807
810 0.031761515735829395
811 0.06204115794114645
812 0.14846635174971815
813 0.009821697410617843
814 0.46095891311407156
815 0.17190919091239912
816 0.024175083787032984
817 0.2689187176285826
818 0.1253565893861932
819 0.00041586994317804426
820 0.22229732420444423
821 0.030096726531017103
822 0.008523167623917211
823 0.011414991359612945
824 0.3165649648804577
825 0.037744033690604084
826 0.038720460111957025
827 1.3634099053522497
828 0.14714943860872315
829 0.004669015728876863
830 0.050379632035675956
831 0.025804505320428647
832 0.11238816034483985
833 0.5357147056295953
834 0.4021733797389156
835 0.1921823562436924
836 0.004551403753494594
837 0.09672873594722202
838 0.04820042090094368
839 0.5386172453882412
840 0.3592970048590987
841 0.04514338656419983
842 0.25483095876453105
843 0.00035505121512286315
844 1.2894492149547743
845 0.20532665253642074
846 0.002667236512538288
847 0.005554310423067139
848 0.16077982627643225
849 0.21740339289101746
850 0.002343089071133293
851 0.5179841845104021
852 0.01915381872589721
853 0.00718908200720383
854 0.0925795349271896
855 0.11927059208237127
856 0.14540753656484406
857 0.1867801457433402
858 0.03687488061405051
859 0.2723205850836688
860 0.20322019632237817
861 0.04450974206821025
862 0.2148862530948544
863 0.023507002710391012
864 0.11374925076192648
865 0.3145367368702615
866 0.13494385658549785
867 0.7753827935690799
868 0.1741748852515151
869 0.010878034939162435
870 0.04857853896998748
871 0.00015017164138788022
872 0.05088237303820762
873 0.15158771897382498
874 0.013984247762319294
875 0.025938578706580437
876 0.010675396387354295
877 0.05730051345746515
878 0.5679791916535256
879 0.26184940593872
880 0.05398053467527194
881 0.0798833107483013
882 0.1131082804922244
883 0.023787723016975
884 0.04105935520234923
885 0.0422071083452632
886 0.24628909044069547
887 0.2788089218510274
888 0.009396615567817257
889 0.02870245098840972
890 0.8558058550507329
891 0.000770422318845772
892 0.2770479615599821
893 0.27179749832699335
894 0.0027158561439277716
895 0.007165304211502283
896 0.03432643159875669
897 0.42108967565538513
898 0.4083093606194966
899 0.22557299920403717
900 0.09380000525862535
901 0.06068249494963595
902 0.01753696485125707
903 0.010670624636738022
904 0.129270624377427
905 0.0002862686719080375
906 0.005101731965904595
907 0.012568819056929565
908 0.11138608917987912
909 0.29803822759429993
910 0.038057877752958186
911 0.00895438303507118
912 0.042211450545659834
913 0.09878477788669739
914 0.10053531660536355
915 0.30287270424512774
916 0.017474132598555726
917 0.0006086328665040442
918 0.01929260047778625
919 0.07395716439218389
920 0.23082628794746418
921 0.171692238583003
922 0.027696229823893363
923 0.0030616903252448655
924 1.1500277065078577
925 0.06500206600831085
926 0.0072355943835111765
927 0.36300040648788556
928 0.2693456733191155
929 0.09634451598855563
930 0.6306248805635586
931 0.08004363922226618
932 0.1873526172696865
933 0.4810406962200759
934 0.24558990543458958
935 0.14606699534500767
936 0.4294418199409359
937 0.21747073099027242
938 0.23927751970049324
939 0.008859707875669903
940 0.11899587835134183
941 0.18623931761655024
942 0.24338872110450935
943 0.007668662603447729
944 0.006968522495725869
945 0.12631892413901077
946 0.4809302351374163
947 0.00006397967523648321
948 0.5497884382734511
949 0.03210775932313245
950 0.015339168467003741
951 0.5302805466518116
952 0.015326437556827652
953 0.0049036211197360305
954 0.0024470990544492094
955 0.18571570234585014
956 0.07333582184801268
957 0.032895593692806695
958 0.382862794116895
959 0.13136070725578503
960 0.2580869982806646
961 0.008012487747143585
962 0.08309421897653137
963 0.5797201743182889
964 0.7043161663254314
965 0.041941396723803655
966 0.4777160896381921
967 0.08581333715978566
968 0.33166795304206076
969 0.0006521849792636475
970 0.11831912199214062
971 0.47205140631917664
972 0.019665572885755944
973 1.267413473280062
974 0.02354082298547184
975 0.3472233430585221
976 0.14340540124127418
977 0.10901005807093732
978 0.3977564034113558
979 0.07664165718726137
980 0.0001588236651753842
981 0.06251710255561983
982 0.0039191255746286735
983 0.318785625363602
984 0.01207820436688346
985 0.08227963656203403
986 0.016387992838691797
987 0.09917496837943474
988 0.0757566208655247
989 0.5204781154326055
990 0.13562953340091283
991 0.3366641345897239
992 0.021734479265259142
993 0.02052238154791176
994 0.17206430576064677
995 0.14294759857566566
996 0.11999891460223593
997 0.1735140074055363
998 0.010744165201861963
999 0.678692838850579
