0.1503330210150864 -0.5156248317215741 1.488880904168454
0.8371375191771939 -1.8479277638601994 1.489003185562541
1.631080371522554 1.4669026730553067 1.4875846727148716
0.22082872390921615 1.4008953513841051 1.4882505877093706
0.45086140852929457 1.0636890509254213 1.4882598182073503
0.1920984655159712 0.8497253409296839 1.4884407968623026
0.6568364343747941 -1.531644327623642 1.4889812188511682
0.27783108808200474 1.9041406507829644 1.4880590860298564
-1.695475941976273 1.2592700609865668 1.4890895756784266
0.36334159487423356 0.9548301265645085 1.488333290084739
-1.1358757432687332 -0.5887249403774568 1.4894029720130273
0.09339013218397607 -1.7435445705038157 1.4892629542287799
-0.5377204124032824 -1.1661800473056783 1.4893395736641846
1.4725752042146816 0.4913330674019818 1.4879947966815792
1.661818669253993 -0.14829037627949138 1.4881236247838492
-0.48789049256064665 -1.141881907974751 1.4893137978521054
1.7367516576535431 0.16231927802969093 1.4879861195237507
-0.3868548319564171 0.6902066246096057 1.4887337630563788
-0.7629685029931155 -1.7579049976787262 1.489587253722364
0.34146725078606277 1.274838992411036 1.4882388448616837
-0.9028919430458764 0.058274733379207966 1.4891293953349969
-0.17399221270287324 -0.7971000940463373 1.4890934238385953
-1.309194096619568 -0.6583463055712109 1.4894869585468529
0.21377525771124084 -1.9433261213993793 1.4892738161705237
0.5320483528096229 1.6991150879332437 1.4880133859474132
1.6074294525188062 -1.415354010881141 1.4885560737875945
-0.7977343192885655 -1.9391987989294908 1.4896489693776662
1.284287511663984 -0.5865105862163631 1.4884310833306633
0.6201737534198992 -0.5744617612750345 1.4887068236593028
0.05792254383969997 1.0554887395066315 1.488432641589602
-0.13156386190018932 -1.4709925758683617 1.4892713726474318
1.9049162541163716 -1.1168845122983964 1.4883337869428466
-1.592469740163434 0.3182478411351477 1.489320364745859
1.3376415579896213 1.665049202959623 1.4876536542494805
-1.6368318972876725 0.2707715304256393 1.489350577061053
-0.03160628159165757 1.9352764702554817 1.4881865575497222
-1.7662992837011915 -1.3893923053003343 1.4898482265762
-0.1396172745480566 -1.0357044179981179 1.4891494144247224
-1.5861544835672898 1.0570277040813254 1.4891057577949842
-0.6718383908380039 -0.009553926124084455 1.4890585837758528
0.8808080913166538 -1.3233544470844434 1.4888286240712056
0.8836496602271664 -0.9498749738975718 1.4887134677315255
-1.3230210524458155 0.3475205338729568 1.4892088548478684
1.546780924250891 -0.6677835577158531 1.4883440644787373
0.853509996868878 0.0474998054058382 1.4884133486513784
1.1176970406469744 1.1019081493549514 1.487949536119192
1.2019291300793702 1.3012324370054555 1.487843048724565
1.6131099635614907 -1.7719892450190686 1.4886648786050343
0.8022624657712107 -0.6160267766881429 1.488644085874502
-0.5477116633959849 -0.9359133160217548 1.4892781380987594
1.3412349783167965 -1.59316549183038 1.4887223210678253
-1.6329722417960095 1.7283132942406008 1.4889261363604291
-0.4159291708274804 0.2888368099788332 1.48886765061017
1.1353093776663847 -0.9027651998342101 1.4885941021439517
-0.004360183088183867 -0.5174532974142885 1.4889436619819032
-1.3646957502233095 0.7873449194968698 1.4890976720990126
-1.1867613857458457 0.2386529579333505 1.4891875229524
0.25094643450456555 -0.2612968941780114 1.4887628472591896
-1.4389444643253144 0.7775566433411143 1.4891295647235907
-1.2976023879676237 -1.3807652690906398 1.4896793031745048
-1.9155739736293302 0.9038842366918551 1.4892773135404167
-0.5651869088612891 0.9794070920522042 1.4887184971255094
1.0049250296491996 -1.5825987058044326 1.4888566080883303
-1.1370784926649433 -1.458108124099498 1.4896421251248675
-1.1626329342207313 1.3477793472365143 1.4888507009474126
-0.9263514328061504 -1.4429083724397795 1.4895612056252425
-0.700954964740494 1.0282517585618356 1.4887594117514371
-1.7359356376629647 -1.3101466786643456 1.4898167851479904
-0.6306992673660838 1.1004991020633028 1.4887083119175846
-1.1212053006348945 0.15063057271735403 1.4891875192580375
-1.065678948553428 0.9175347485271415 1.4889407557513006
1.4154930315411072 -0.8205359109536392 1.4884495131336715
0.42290992221112944 1.6094943875172305 1.4880923785170121
0.25793305881995643 0.36216908336189846 1.4885669642949686
-1.1345103146769047 1.4517509925944845 1.4888077759053457
-0.9550389808303059 -1.6858884456415817 1.4896376246916032
0.42166265711751016 -1.9245786361666122 1.4891884700888587
0.48061124123204646 -0.803431374843794 1.4888339222526454
0.6790026155690096 1.2034333035523783 1.488113040251074
-0.015995408578636017 1.8458305933853714 1.4882090578964375
-1.6860879594823865 -1.9996842079816473 1.4899782264909458
0.6233281713233074 0.7939768936185008 1.4882722326269966
1.3079344223586622 -0.32475375772627313 1.4883368723131252
-1.4265291229419432 1.055254420599618 1.4890435010258058
-1.7059855775248725 -1.6973297894241588 1.4899072590668945
-1.9913383693164945 -1.2650697373916806 1.4898945433914996
0.28864963261026055 -1.541896012203912 1.4891294111535616
0.5373332967112292 -0.10393553661750587 1.4885954111528221
1.5016240235213552 -1.20018119412536 1.4885330919377486
0.6393949487186426 -0.12125455278366015 1.488557916467947
0.005240796824270255 -0.362413535556783 1.4888934144037362
0.9373514924279478 0.5596881503425966 1.4882109906885683
0.5319083096369086 1.6558258454242747 1.488027984224079
1.5559389807872517 1.7385197580715417 1.4875241155602927
0.11622840011826696 1.7384299879290346 1.488186004380697
-1.5225156529157422 -0.7230890540988479 1.4895832208449324
0.3257610515248244 1.386076604480996 1.4882093230954645
-0.7397579189942416 -1.526809898436496 1.4895155442453039
-1.4950706705965562 -1.6411674230866238 1.4898187713750812
1.459498182833042 -0.18203997533564564 1.4882242772427539
-1.4692380534157232 -1.3233083561580878 1.4897255492070036
1.6297026750729975 -0.2762926331803621 1.4881801711076048
-1.5198210503856426 -0.33987849517237656 1.4894771190933291
1.9582134699069362 1.2162802485706008 1.4875177144550298
-1.0997431164197513 0.29278122020172237 1.4891380636336238
0.4905007442211904 1.043147708009898 1.48824915289993
1.4789184751621258 0.8157592452156015 1.487881890469357
-1.1229794582279569 -0.8456862837098997 1.4894696204386282
0.8387903225811302 1.6221476909562034 1.4879000479142457
-1.0124679662864686 -1.7571877569360508 1.4896775641996434
0.46805665565644183 1.8792119617544678 1.487981680632165
0.0812906122916468 -0.667874879106952 1.4889542107367673
0.8927908722442561 0.2549421455469032 1.4883297004914868
1.3525363988624663 -0.7076633418463674 1.4884404905986306
1.8715320943185878 -0.30312683663231343 1.4880814761289949
0.9965507728956684 0.6248489743814778 1.4881633990412348
-1.7043338928246161 1.354014218523342 1.4890653226531392
0.4807297394489165 -1.3430520342871697 1.488995415122203
-1.2024552385512788 -0.3787676564411795 1.4893691989171836
0.11370388660673747 -0.22686183380729563 1.4888085005264584
1.1969257873284844 -0.4909446814459839 1.4884380204834535
0.7381708197285315 -1.902910505930345 1.489058543280489
-1.3143174935948405 -1.2279156678322272 1.4896442342786291
0.2042538417486739 -0.08884119709954685 1.4887292368665144
-0.061224203189536475 0.9714117384087837 1.4885101172464104
-1.1139979076568984 0.15485087759817784 1.489183511638181
-1.5722625877740821 0.8892295302782376 1.4891491138093567
0.4998977084696046 -1.531977509507504 1.4890435710796326
0.7693785706277207 0.8014119825610297 1.4882056903743053
1.3870884573051736 0.9292852267140201 1.48788523313963
-0.6487736494899803 -1.3189100364521957 1.4894241954660836
-1.4986328839962244 -0.15257041900143964 1.4894172079779158
0.42425189024806986 -0.03203144554550175 1.4886203456070533
1.7055884182569132 -0.380261363221309 1.488180850063596
-0.5360087092372146 -1.2120674160352305 1.4893518573807267
0.30725429768903734 -0.6475130034034517 1.4888571549576053
-1.452280104230561 -0.9234019394608017 1.4896120026589066
0.6765285292049059 -1.3903601371189778 1.4889312899799114
-1.2533922125274621 1.8153294749574513 1.4887455791467825
1.8681891024024209 0.06900141346061339 1.48795802263493
1.4612092913570223 -0.4355061514205367 1.4883061115595773
0.5984335074790819 -1.9477296601884024 1.4891264540721438
1.3785056741571653 -1.228401448316638 1.4885938051141012
-1.649632489402224 0.1417936250704459 1.489391617099875
1.1048585732965819 -0.021890863444366637 1.4883271299668406
0.5965877784741664 -1.4210686511216242 1.4889724121516974
0.4508427982458292 -1.0296608547644492 1.4889140568278725
1.8794008437200462 0.6317775128434198 1.4877602147581062
-1.7366781616155782 -0.31590989807014935 1.48955059993911
0.6714602958867086 0.8107279520249087 1.4882456945392677
1.3898725198068709 0.15937176309610557 1.48814267944901
-0.032641088751254266 0.027675336430231567 1.4887908620860595
1.9099731211105437 1.975987844092419 1.4872666286684948
1.240294378008839 -0.6851092682093345 1.488481231271885
-1.85600031695442 -1.4184710115196308 1.4898871857876839
1.8453601870865137 0.8005518263323879 1.4877174835436495
-0.15194642352342402 1.9102692413500337 1.4882477235793294
0.32691872650958675 0.9522242766545244 1.4883499153025803
1.0646249459122172 -0.9376059097409106 1.488634536527016
-1.7042788501545045 -1.1243364558153912 1.4897565460511233
0.9818554159870585 -1.3348971511636174 1.4887909257884568
1.2631701090452427 -1.8533254659132723 1.488833619786909
1.0059577500691947 -1.6859753800707749 1.4888873183439426
1.995361811423459 1.2975402152771265 1.4874708711046467
-0.7459573012158911 1.1827875467651756 1.4887305901490253
-1.199854432588248 0.5489425910488848 1.4891026436876296
-0.3981332568717244 0.9369563002260817 1.4886623851555028
1.2217323441962291 1.0565207738651559 1.4879175314087212
-0.8440336326378004 1.340238796580465 1.4887226859090084
-0.5860042858637771 0.868063325005842 1.488761190996028
0.7919095375822627 -1.7520465965142478 1.4889927834582453
1.1738922401820275 0.7196265690746095 1.488052797931028
-1.1961587398533275 0.05925501270515898 1.4892426569882498
-0.03582760315635536 -0.06005283646854398 1.488818817950992
1.4808468953320713 0.487390989623246 1.487992382672802
0.9344631759165312 -0.23554982005364522 1.4884689020660073
-1.6139325165612313 -1.685065345442215 1.489871978985783
-1.5874862695216425 -0.7160277784510942 1.489605006593278
0.07575049603716888 -1.563388365788163 1.4892181897476284
-1.318900381650927 1.4848368415056976 1.488872650531154
-0.884960869578749 -1.2796891023495025 1.4895011994677325
-1.5173510547904545 -0.10645110478499831 1.489411353493761
-1.7149705988863904 1.884134959711135 1.4889124620783352
1.6878103461271179 1.1671869705429216 1.4876633352065605
-0.9481305745453765 -1.6641711666239356 1.4896292536024813
-1.3772606199358108 -1.5805472261640547 1.4897610664276353
1.5337492901405696 1.8385136542237568 1.4874990923757947
-0.9635809287268406 -0.7249667178209904 1.4893763332290009
-1.7365018885732484 0.12645284237433252 1.4894284690441721
0.8918585145945359 -0.9998366986046969 1.4887254342832548
-0.23390075986302428 -1.1825640069878984 1.4892282290762178
1.2241360830112384 -0.8109742263195114 1.4885278721192596
1.5350778632716757 -1.6496138444330493 1.488659432775814
-0.8315559436744513 0.9064166979058239 1.488849722111718
-0.8542228374984555 -0.3640306128401285 1.4892323819475162
0.9159204324625394 -1.7935830457377424 1.488955666235246
-1.91995213884109 0.5404747599708815 1.48938162473876
-1.4309128776619557 1.9942562938319863 1.488763769090308
1.9368320151544127 -1.20979172929602 1.4883499371973758
-1.628788026955144 0.8726531414174827 1.4891758671503728
1.4018969224610105 -0.35560697544449127 1.4883060309055005
1.391435798110904 1.3570110670708173 1.4877359535580037
-1.57877230519904 -0.5261891033010881 1.489550115315697
-0.5228408287100041 0.141517473452625 1.4889547747173735
-1.8069203729388752 -0.9682869599387463 1.4897517167382952
-0.6246229166878914 1.546793820313896 1.4885671400347305
-1.4255525661642254 0.6161141928619767 1.48917113442062
-1.542908037525228 1.5388273050056718 1.48894659410801
-0.17910506221464662 -0.3445722604366086 1.4889620619817903
-1.9706357948749735 -0.9463540856354369 1.4898040058319548
0.5542874542459257 -1.9390608267992997 1.4891411548012257
-1.0796824794043536 -0.8575936495199388 1.4894568121254101
0.8679081659992685 1.1250689490089378 1.4880546251373943
-1.2504380093448058 0.5796790286425084 1.4891134849267185
-0.7729434942837496 1.515866826140793 1.4886389470243242
-1.904880136758269 0.2992081021826172 1.489443310186401
0.1408774011655698 1.84286329261879 1.4881406232040328
-1.4202424382184846 1.0482850017934613 1.4890430677769182
-0.10356743999940665 -1.0385340898982296 1.4891361922653537
1.0708088811185918 0.34445399701851276 1.4882227955837293
-0.2983103601127617 1.6726698286433184 1.4883882406613742
0.41821680680559936 1.0488302894432833 1.4882789327346124
-1.142271533186653 -1.6572626260720549 1.489697490869648
1.1423419097445144 0.899693037006875 1.4880066141174648
0.6374242213120835 -1.3853666154417406 1.488945470042798
0.07980069978374615 0.5297937554941932 1.4885893770394
0.712634844700343 -0.2583022918351858 1.488570052977454
-1.5050116204082888 1.37175654501491 1.4889811418533117
-0.8450237165890364 1.041148766799104 1.488814409336106
0.7857003655596309 1.2935530636384556 1.4880351785760615
1.5470979540366079 0.6412668796558618 1.487910157838815
0.5776713365003605 -0.6975592859199367 1.488762084761695
1.9827480849854364 0.6295881113547406 1.4877127708472537
-1.5358331968850871 1.7622829569324123 1.4888768264609806
0.8284984533329709 -1.3628736237324635 1.4888617952338965
-0.7749573054330448 0.36732947838486485 1.4889882690494471
0.944253783110903 1.8960908156709655 1.4877572690010143
1.574503936079017 0.6030413277827051 1.4879106417108392
-1.9932845996441948 -1.7494006791066345 1.4900196291576928
0.12240425157341583 -1.0380858680687428 1.4890474060076035
1.198424661749276 -0.36206277427894307 1.4883961822364167
1.8748940738148292 0.6607124568380813 1.4877522852142555
1.7575835933167925 0.2795899723139508 1.4879370011597068
0.40323483420903283 -1.6004781654656304 1.4891016627730567
1.393498524852844 0.2008026347400147 1.48812734871185
-0.7724272120139197 0.1307844519844359 1.4890570404024945
0.27762315761339984 -1.493177464367526 1.489119548958261
-1.384680182657183 -1.3422215359289087 1.489700295509518
1.328210922296364 0.280252597963897 1.4881300741307035
1.3428271060603816 -1.0793478905765763 1.48856213952411
-1.2111728355519569 0.4550265538173628 1.489134403432669
0.30793125868134563 0.7799060044912389 1.4884134289078002
0.851516444557963 -1.799080392160545 1.4889829990980659
1.5694546516230297 -0.6552622669526329 1.4883301900052979
-0.31611248636067657 -0.5273778009368284 1.489070349852234
-0.17675349928684003 1.4590975787278184 1.4884043713777535
1.771413047833848 -0.633054013692715 1.4882347972216687
-1.4510372344444757 -1.138828373525988 1.4896696699490324
-0.5542482359320218 1.2920653970521414 1.4886172098842103
-0.6734251701827034 -0.6915289069039234 1.4892566021573328
-0.9858687722551887 0.4081059809292418 1.4890597727238482
-0.5092774127251403 -0.12621825694617872 1.4890286902002832
0.996659634536937 1.6776078588386723 1.4878084317249718
1.8560803836692186 0.3843333766829815 1.487856223022748
1.0394650838630852 -0.6155040691665858 1.4885444058946202
-1.0106885324844281 -1.625476563154849 1.4896414885785583
-1.194616351486121 -1.9586404998583253 1.4897961531097634
0.934498223875508 0.8400613272413349 1.4881197662292704
1.432461625773768 0.9250884162809143 1.4878658482950762
-1.2744342507208675 1.264381028511596 1.488920888896863
0.8434082598632209 0.840062733030984 1.488160244435866
1.7708092183864181 1.084331316139802 1.4876533093079802
-1.0286132162377886 1.8171324412265912 1.488652004017084
-1.0430945140522399 -1.2380378275323078 1.4895480609827005
1.306991371061943 1.0595288946771992 1.487877488900565
1.9352348256962575 0.16044161101630205 1.4878963986950269
-0.35816034639262995 1.673383129903458 1.4884137545728353
0.09262361135483754 1.3324365485736092 1.4883287471422941
-0.9586619334345476 -0.8008941335978736 1.489395754787326
-0.5203791101317892 -0.510325587465255 1.48914533990438
0.6191486164162052 1.7131179720642544 1.4879692540076916
0.4931298549877159 0.4823199489014911 1.4884290452503963
-1.2257373688873017 0.1833001261964018 1.4892184981436296
0.9349740102983288 -1.6369379415742893 1.4889012135659367
0.5493781401710534 -0.562128233183544 1.488732250459054
1.5454569222157675 0.7857263546239626 1.487861612648018
1.252295359152579 -1.4669867936931968 1.4887202495067722
0.1890483289487257 -1.6947652160020148 1.489212226094259
0.5905918800559249 -1.7637948241382455 1.4890758592352136
-0.25696549756081666 -0.9872235505857825 1.4891809639138809
-0.730394290870751 -1.5749102638065677 1.4895253028631485
0.9220449986343757 0.9472980153964627 1.4880896843525564
-0.38825598729588506 -0.3578239066280924 1.4890490231070335
0.16127969847345458 0.6739101636646163 1.4885097069458895
1.025865826547701 0.9618974274456304 1.4880382405991748
1.098812704777119 -0.40869841740002855 1.48845378729504
-0.6516358937536744 -0.8692099815103296 1.4892988395003295
1.3203860677207748 -0.1611012981644402 1.4882784153548465
-1.5972609136028213 -0.413060770683674 1.4895259236442746
-0.5617896020729765 1.315051566111534 1.488613203501568
0.8740396751109154 1.8305489285851628 1.4878124691174732
0.3682335807062609 0.9568414744320499 1.4883305176199288
1.343378244201257 0.37406286803643685 1.4880921568533232
1.9814755390148457 -0.16253563702461893 1.4879848435134762
0.6278907348394407 -0.31416494891944513 1.4886230438067727
1.5346546752730568 -0.9297332417378303 1.488433318307198
1.798256828804461 -1.6021259769776348 1.48853422509171
0.3174414586197436 -0.10540223818021843 1.488687552816322
-0.20471068411471194 -0.7402180539285368 1.4890888569321208
-1.6472700495360106 -0.8888408089815591 1.4896733038713599
-1.721013976382606 0.46419968257628597 1.489327904084228
-1.6666438811561122 1.1153710227272882 1.4891202483317854
1.1919523020169498 0.5702899141154436 1.4880945273674104
0.8384587702187041 0.042638200730913844 1.4884213628303344
-0.41969283596669005 1.741481604818257 1.4884184006162713
-1.9579957345521235 1.8680964122742036 1.4890142846490217
-1.543804059398064 0.5811926668424059 1.489226884550545
-1.392684471817219 1.6303717324015068 1.488858652069781
-1.3615589612877743 0.7211541605696707 1.4891157417000456
0.056470059189543065 1.8248705350122778 1.4881839670821002
1.5355247022874217 -1.1863400082592834 1.488514374225353
1.7345546180594544 0.6260308084197321 1.4878292966370497
0.1666883724524757 -0.12707297090560665 1.4887564052395046
-0.339640327885812 -0.837255501790195 1.4891697186509947
-0.4404047996764371 0.7477967067500844 1.4887381549418792
-0.6895335010893202 0.5066992397790013 1.4889125741198201
-1.960964840507497 -1.9770076824779643 1.4900663038057735
1.743643925515273 -1.95279239056602 1.488666584055401
1.6610947487849597 0.325685173203647 1.4879652672181196
-0.2943138087422561 -0.6116063218533885 1.489086435301987
-0.3496417360902768 -1.527659056865959 1.4893702245330898
-1.1399211470499688 -1.7954338081842138 1.489733504329603
0.00677059384805645 1.8843766050961763 1.488186348100772
-1.916274277295428 -0.729128585818211 1.4897271850816196
-1.6536791212248598 1.450484685156911 1.4890169253893253
1.883942110439456 -1.4110396750411276 1.4884372249087732
0.2337572320217296 -0.08984444768729727 1.4887173751472362
-1.932793692924582 -1.4365143639764213 1.4899185802414567
-1.3717528394103722 0.6408039533035623 1.4891430716623235
-1.078687311584324 -1.3991112323714878 1.4896049577068375
-0.6545177641353837 1.5989756346232484 1.4885633655649992
-1.7247326258179756 0.33757353819882674 1.4893649916790463
1.6976832141454556 1.085307768607076 1.4876873401537973
0.5446413215620822 -1.183484973693365 1.4889223940561063
0.9814697621185555 -1.883337256769214 1.4889561808029879
-1.1163366536250843 0.4658418751909039 1.4890941628649002
-1.2559358912549285 1.9977305632876075 1.4886905635109338
0.024277291143093294 -1.3700799887493114 1.489182457449202
0.8021161023771439 1.1104067342264203 1.4880889997186157
1.2180527791714475 0.4823632850840083 1.4881121037561618
1.3282894013339384 1.1125272912050832 1.4878495685578392
0.05057864653463717 0.8863913956233533 1.4884895221627101
-1.021639248314421 -1.1324996439108643 1.4895112069212673
1.6169149371255553 1.080579372003153 1.487726790851257
-0.8261250343730309 -1.2533216487192291 1.4894721083289522
-0.7170024245366626 1.8813904082306827 1.4885008471835166
0.4720623749064927 0.32901708525814133 1.4884867867698732
-0.7266779702916173 1.3109520099095633 1.488683167176721
0.18883780513909354 0.9558943697563809 1.4884082922621933
1.9109539028183997 0.4166809299110783 1.4878198309870128
1.244885447493158 1.883589083251449 1.4876206331357573
1.7108594570847266 -0.46675968641014975 1.4882069568938303
-1.0839893376809817 0.6093060521830775 1.4890393678282536
-0.9564250706845172 -1.6417024425408977 1.48962619089673
1.208636025716988 -1.5055160883287035 1.4887500465751657
-1.987255288012956 -1.0046605293061583 1.4898251856787788
1.5309599386374222 -1.9504304753744437 1.4887537394217363
0.5702785596748896 -0.38352330695368586 1.4886685757016507
-0.7981250431525195 0.13251555912451973 1.489066656788337
-1.9456706674511484 -1.1831927212599727 1.4898572822479896
0.40430686522679515 -0.8672715700116456 1.4888840872778648
-1.6875338423689232 0.18065242846979768 1.4893949864158216
1.181078098621449 0.7880577140125204 1.4880266412871594
-1.4316950333578866 1.336251193754296 1.4889624425101107
0.5543028706669144 -0.8182874962636522 1.4888084236566954
-0.557471799300604 1.9480456657616179 1.4884115138067344
-0.9172319969164313 -1.6692618300930917 1.4896194083104422
0.12187204392055762 0.9130253719883052 1.4884506715864232
-1.7957600211655294 1.494042917192707 1.4890602619413094
1.9972773974373812 0.8425027733814812 1.4876314335365433
0.12801397511201973 0.2725614400212928 1.4886493167473882
0.9843126701238134 -0.47012350257678737 1.4885219477699523
-0.028474052445393028 0.0015889066107437344 1.488797097076425
-0.18224549236173004 1.0785068038851913 1.488527603102194
-0.700387394975154 -0.39931571242067143 1.4891831453002082
-0.9465214169982836 -0.42236777194986175 1.4892843998222836
-1.1582129486768782 1.6166447149467125 1.4887672517051962
0.8818969466631925 0.7942689248826023 1.4881582991051459
-1.3901632536989155 -0.9787867402865587 1.489604402970818
0.37282633384386 0.47734555718127414 1.4884820129415124
0.06970128173441825 0.14221889150464406 1.4887137613598775
-0.7044921642209889 -0.8693052025285999 1.4893189758844896
-1.7737192302131044 -1.735219601735733 1.4899405330367639
-1.0935591046646094 0.007359765923873773 1.48921804994446
-0.7081636899697816 1.7548510052105355 1.48853702382303
0.6517749909829238 0.7942562722259296 1.4882596962084043
-1.7453960397362396 -1.312308329138693 1.4898206878879505
0.8093406529045328 1.5321190073078723 1.4879440755479296
-0.2988212065766662 -0.4762552125308437 1.4890485321677185
1.2665455810103765 1.039453868521143 1.4879028616542413
-0.9747466481200586 1.3340601899899136 1.4887783002712098
-0.8924986430528357 -0.08365328941823247 1.489166489853871
0.8083533054330037 -0.2442410106431181 1.488525230887207
-0.48823310950539955 1.8219864822769267 1.4884220870844043
1.846565188345072 -1.877365934136881 1.488600179581756
-0.044145385716741536 -0.44808410954874667 1.488938906759528
-1.6255761402032451 1.7868421652229465 1.4889056446029836
-1.4080961031012356 -1.7846487252259609 1.489825772775957
-1.0910062943701568 1.3034059117041892 1.4888350378257669
0.15454786883467353 -1.9101593566385056 1.4892870068762378
1.7241315637577381 1.4816083813566001 1.4875351597830047
0.08956930391996831 -1.1617199241056708 1.4890965439466193
-1.9358363095660378 1.5149595781163159 1.489109155917781
0.7576787341127522 -1.1481549842310814 1.4888256402074538
0.7381604725013116 -0.8420121289848046 1.4887403361263873
1.8368007286380816 -1.0052977445433733 1.4883272866748942
1.313758119039595 -0.6361803430833692 1.488434303242503
-1.1610221369714662 -0.05844010032113989 1.489262794558632
-1.1299785865944383 -0.9542172052421556 1.4895021803987816
1.5892373995022506 -0.04413778299744031 1.4881214083974181
0.3516153274021905 -0.8572342301048055 1.4889023187518093
1.577619210664202 1.236802580332145 1.487690741698381
1.6177564996418425 -0.037741540013831454 1.488106571101207
1.7693265376924128 1.809639488152044 1.4873958618421443
1.2557029471639876 1.2081474628642548 1.4878502047261306
0.8344386005608238 -0.3638295440537176 1.4885518405632996
-1.755332754621266 1.5336283268011481 1.4890326625418442
-0.62237525760567 -0.012533721778336115 1.4890399383124036
-0.4228939027889256 -0.9041730513652242 1.48922117726312
-0.8090782072786418 1.343819284015205 1.4887071500542106
-0.47844827825036695 -0.3335359738533805 1.489077425484065
-1.2341925195547363 1.434924970507697 1.4888534037175352
0.9069889568628167 -0.02165422113001103 1.488412497095582
0.21718360294364558 1.128999058714296 1.488340428347419
1.0940568576703784 0.6505831944402898 1.4881115373022338
-1.1660809976785327 -1.9011784717514626 1.4897708700675536
-0.6425865987392525 0.5733431747848945 1.4888736352716994
1.5169213393730994 -0.3613780431838407 1.4882576845418316
-1.774331427655902 -1.980854344823098 1.490003693185353
1.94549738456364 -1.462985520447666 1.4884274259663433
-0.2931610608789841 1.136814107540359 1.4885561145785842
0.7883542267812569 1.0345752738674685 1.488120344389325
-1.6946253746649944 1.7814359378174984 1.4889349999133428
-0.02535121631983639 -0.47733486666880953 1.4889401038159584
-0.6359035495672103 1.145162589543033 1.4886967077127968
-1.0755700968704636 -1.642122813961958 1.4896694233136174
-0.18689249427938037 -1.5256233997204305 1.489308001030369
1.0338110618815808 1.0540993170254982 1.4880037008396843
-1.078320602356313 1.0328192790911634 1.4889113709331563
-0.48034318273159116 -1.8646151403577793 1.4895126405205386
-0.1612034560000435 1.125160527591465 1.4885039600732608
0.7490518456563207 1.2926612966146607 1.4880519562816625
-1.248859085894071 -1.2705198212356485 1.4896320082994197
0.01821324921988854 1.2044626550096984 1.4884020703376304
-1.1591683444176208 -1.2274576855876518 1.489587690754581
0.5934703844473237 1.999578305714052 1.4878836829548066
1.8570065567774865 -1.3346847322701176 1.4884244033670917
-1.8198286623135846 -0.17242460235438895 1.4895418921092969
-1.9181528011823161 1.0892302220583723 1.489225358197013
1.228042846769834 1.3384798225570593 1.4878182082260665
-0.250942324111171 -0.09404234663113709 1.4889160942822275
-1.210215662308661 -0.6150097323925428 1.4894381278477429
-0.06144052714143555 1.8997657113217326 1.4882113848773353
1.350287798776023 -0.40101210572008217 1.4883431283342332
1.3389451182725738 -1.2575709126263783 1.4886194743054497
-1.3607966494173889 0.47476862722060353 1.4891868300134217
0.344187394193578 -1.9188040769605594 1.4892167355517614
0.9917642126807227 -0.8932471065028809 1.4886511406912588
0.672126266459415 1.6075698748049572 1.4879808697289971
1.6832485464516704 -0.45842744346211006 1.4882163855839294
0.3755998733297776 -1.4193086061543179 1.4890595094649721
0.4785412429842575 -1.978821454303282 1.4891820863674394
-0.209078346081764 1.4286247674691692 1.4884279891736178
-1.0886034483284313 0.8353436774246488 1.4889743800339184
0.9149895264921506 0.322981412526433 1.4882980132295243
1.3169416694104532 0.30717205615077336 1.488126168294184
0.8014680822308815 -1.916534552763994 1.489037562751415
-1.973084680841179 -0.7887400356429897 1.4897632703540675
-1.9939101336549987 1.3971239775615434 1.4891660008817948
0.41898318393628475 1.323310739326887 1.4881888168854414
1.0789908122128198 0.8289514099137971 1.4880588555639844
0.5692078333227073 -0.37555567535416845 1.4886665551656044
0.3183420496965228 1.448548550755743 1.4881920769839352
-0.8776903553349644 -1.250338274036758 1.489490415931248
0.9024864635267695 -1.2647819789474628 1.4888020191126363
-0.19728978831352428 -1.7366141447326076 1.489371449516757
-1.3967968133386703 1.5741595039451237 1.488877251034367
-1.6733246305991072 0.9075349076901515 1.4891830605035838
-0.09329744399871931 1.3499777106449633 1.4884034257700713
0.7443918813639909 0.7277110932372741 1.488240819060403
0.697324434541934 0.09771384732149713 1.4884641979112299
0.4746845681978815 -1.8461155402318745 1.489145201992387
-0.7547413680193555 -0.8900522904269481 1.489343890265239
1.6625815753578586 1.6679213332094696 1.4874982295398458
1.3855130599037002 -0.8661341641562492 1.4884767953096958
0.21661197702091695 0.417827382599647 1.4885669115416456
0.5963599818369794 -0.4494787500200861 1.488678139478123
-0.7466413215049617 1.760798341387181 1.4885514021628654
-0.5429512423018013 -1.7274328005797575 1.489498020072247
1.0751626424662426 -1.8159191551843064 1.4888984306665631
1.5225282528061639 1.5089507049292523 1.4876212636943817
0.011246579191391604 -1.3005422886103988 1.4891674302909224
-0.7916008705714335 1.918417906105673 1.4885207912989815
-1.7084925267581959 1.4596592096354586 1.4890359218050244
-1.4627711143026687 -1.9446520355339905 1.489886696461426
-0.28659325922175594 1.7992846859657616 1.4883424412761626
-0.7475412895774456 -0.3777124217387531 1.4891951683899882
-0.23088574482795732 -1.76710872840831 1.489392645294477
1.323353816390731 -1.3085415222325052 1.48864183330399
-1.2804336188478667 -1.6412102550161807 1.4897426669485356
0.39670058894944216 1.4193368735726812 1.48816704473471
1.0465831876040426 -1.3262132504323443 1.4887617653280036
1.7067074538173435 0.18574804663985756 1.4879918217374746
-0.7810325481406784 0.75602166321534 1.4888746107680357
-0.22666735688184225 0.35593097179549726 1.4887702254665123
-0.9466274461776871 0.8028910591676146 1.488927250658162
-0.1771750251939732 -1.2662447705666553 1.4892303793977457
-1.0315143992136324 0.2926571153702895 1.489111454319922
-0.6167297551732371 0.22048282722224943 1.488968790023348
-0.15084968195987347 -1.5485928797421114 1.4893007911728027
-1.0799962334606477 0.16124195837128408 1.4891684829947158
1.3986953861041904 1.1131707922099805 1.4878168801001403
1.5911003335335847 -1.8608376423576507 1.4887014421052946
1.6497762677525012 -0.6238336136962443 1.4882850468155273
-1.5453928333830564 0.5180707159057345 1.4892455652416723
0.9471892615473765 -0.8202919363317784 1.488647078579878
-0.6686941834152771 1.4940337840243032 1.4886021570429175
-1.6928093419822865 -1.4015520610574752 1.4898255742350643
-1.6274838980794737 -1.4701605092694736 1.4898205589306248
0.961330389659329 1.5580121992404674 1.4878657658239314
0.6215419086070453 1.4601132525260256 1.488053221035121
-0.383042571596941 -0.3269626272402695 1.4890378868536034
-0.6370581803811044 1.2031810038123316 1.488679281620348
1.6246142029885169 -1.8027671927807143 1.4886696221458406
-1.3687470916002846 1.4492853698109398 1.4889034442598674
1.5036346382729997 -1.6447752048710536 1.4886710049925287
1.5812896759759285 -0.9108009988008865 1.4884072601731853
-1.7195668403915283 1.8747124515479765 1.4889171306106457
0.7668105688244173 1.5167851426120116 1.4879685908363507
0.774547869477173 -1.0923324297345571 1.4888018241047236
-0.4238147807886996 1.3954342254324796 1.4885299588123297
-1.5397394621089928 1.2126796960648312 1.4890419140962146
-0.3582959242621362 0.8325259695357934 1.4886781398914077
0.18387412908568823 0.699535530733514 1.488492008784876
1.5012674400145798 -0.28612113066458544 1.4882399775997117
0.612653114901442 -1.8477690826483881 1.489091755140705
-1.4709442116553948 -0.6692809312919019 1.4895496476070922
0.7473069498946083 -0.7292010915921452 1.4887019005775912
0.6735270967362892 -0.3394468625181135 1.4886118297190207
-1.6621445846324656 1.9456068216966784 1.4888727028976239
-1.0065499547162817 0.4376468582895061 1.4890592538323073
1.6649204384861642 0.03691880869235664 1.4880605894356773
-0.8912694190777817 -0.6077648475997943 1.489315943135958
-1.3847752232627952 0.8071998679330825 1.489099747254957
-1.9112759208386034 -0.473315512742273 1.4896569095623935
-0.3911627060534286 0.7998437410044552 1.4887018401693157
-1.5946114727237557 0.26753532289409687 1.4893355053099755
-1.0941032558726151 1.2476987042042271 1.4888531320484748
-1.9251422186839244 -1.555657415342223 1.4899466556124235
0.9096509605051297 1.7140691230122016 1.4878360707521525
-1.478910840909859 -0.11617584309328333 1.4893996487561079
1.2202170946452853 1.375710214295653 1.4878090109515134
1.0985685235720117 1.3149677332007448 1.4878858375744641
0.8678123435385814 -0.688393268676073 1.4886392235432746
1.2433276000300273 -1.0222562339813086 1.4885861104529168
0.49441159554443903 -1.1159649867941939 1.4889223740886837
-1.568397131404339 0.5531107867190173 1.4892443793874843
0.8351859679929703 1.3592572917962151 1.487990762580298
1.1428481428703154 -1.6916166139449667 1.4888335806186594
0.9896362681839133 -1.474682551197703 1.4888301938501058
-0.8137512067241852 1.0460265731251912 1.488800171747739
0.22443387696994943 0.8282516390930841 1.4884337991227903
1.0904890771217026 -0.7319326101702535 1.4885594561044804
1.6023013126618348 0.42790040017312325 1.4879574005130736
0.6416815605033106 0.3918729306904032 1.4883941672009517
1.8483290501859866 1.104710457979663 1.4876095412566592
1.410441523071401 1.4893892393759307 1.487680929526285
-1.3783002371999906 -1.9179684085407596 1.4898501952992955
-0.14448373987339824 -0.3332769837023486 1.4889448532024618
-1.4063482790356714 -1.9940434202665047 1.4898798407754195
0.8596069278581542 1.2587922637910234 1.4880135350664165
0.8308998841484572 -1.8088010970841824 1.4889940849955259
0.740688101443757 -0.9950080937461658 1.4887860454335782
1.8257213976593132 1.205747061573474 1.4875845920976372
-1.647997055371472 0.7023779784357691 1.4892322530476854
-1.352573024193834 1.250258949573916 1.488956413950332
0.9023484818507397 -0.28958593379815945 1.4884996926943075
-1.352749867056053 -1.1577032796806686 1.489639216553727
1.176463815835472 1.3549347153948545 1.4878363559673624
-0.7328395943058243 -0.12175387162033857 1.4891153343981636
-0.31003257309943866 -1.3695550232442635 1.4893106344268643
-0.8214117567053849 1.848354707694444 1.4885554390947173
-0.3542668585420836 1.8806457614118184 1.4883455118825124
1.7685205601549994 0.32495906218521586 1.4879166066914022
-1.7628695662374945 -0.4921623078020181 1.489608167477506
0.9424546315177986 -0.6528120260595971 1.4885969230179243
-0.9872808771321306 -1.0087595513080538 1.4894643168283268
-0.7108012639424954 -0.5190223792653743 1.4892216015505815
-1.5354789180889172 0.6563697345476056 1.489202086686751
-0.4453067755630675 0.5077802612146671 1.4888133739975282
0.711448936576276 0.3132341041941542 1.4883893406485285
-1.8312439425258304 -1.052295925506609 1.489782591997207
-1.4368008220857336 0.24532678361424765 1.489281755475945
1.2250914695896027 -1.7070310345475361 1.4888047618415772
-1.5823281120977244 -0.4551475657942641 1.4895319683656665
-1.1520032540219525 -1.8590271167705605 1.4897547017758062
1.6225266204693343 1.5853856229363954 1.487546766331435
1.328235769440889 -1.4951814230756169 1.4886975419178614
-0.21853441465099888 -1.821760318945616 1.4894032913511877
0.6124062142166915 1.687966847007269 1.4879808026702104
-0.03509351711181097 1.4393888646107618 1.4883495871925865
-1.8472412742443867 -1.157067232772241 1.489815837670384
-0.5899943565991004 1.1780035561531692 1.4886675245418632
1.023746408630485 0.36766440468565165 1.4882358832776883
-1.0476674973150608 -1.8633620894616696 1.4897186021787678
-0.050706643785440875 -1.7717162238377426 1.4893258882687952
0.34829604256895763 0.6277169105027509 1.4884446997893963
-1.8544682922222 1.5184415579570363 1.4890762193050926
-1.9031432041813883 0.9215434628805559 1.489267530118246
1.2819292624196876 -0.3867050334699744 1.4883680911392996
-0.022825006636527867 -0.0022427860796154775 1.488795955052427
-1.838035527724247 -0.21707941399041708 1.4895607873079393
-1.5506089351582775 0.4439343274741505 1.4892687243239746
0.34343499426563184 -0.4109487276564705 1.4887706193630232
0.0937496477187123 1.6239806276031707 1.488233455563481
-0.4831440431447138 0.10779992083817991 1.4889489393631328
1.9701523084140273 0.8837129360276128 1.4876297513281103
1.2489664599012036 1.1628779259200526 1.4878687985484658
1.7529286068757859 0.5886182042494523 1.487833671792034
-1.7153569510107767 0.6229055472044864 1.4892807583089873
-0.744730783650553 -0.9114323613440831 1.4893461271868416
0.9111564967760195 0.4552868121521749 1.4882566458907045
-0.5553106371224779 -0.7245792440874439 1.489220668903995
-0.6222955540354151 -1.1829357815366084 1.489376237417219
1.4535049749305875 0.6900184212789906 1.4879362950913573
1.6687501390927624 -0.9439992563215336 1.4883802503496957
1.7035226070449978 1.5544329611965582 1.487519093661571
-1.2998344227688214 1.9116872631720003 1.4887351621709646
-1.61019995131928 -0.7371366129185821 1.489618990896589
1.0377002708771697 -0.04396656348510586 1.4883633411543853
1.981215787571676 -1.0902388943839938 1.488291972002292
-0.9067115510928083 0.18450318298755608 1.48909411417168
-1.2845314482391474 1.1668549554591179 1.4889540413828737
-1.934080476200295 -0.8544067317765016 1.489766787951241
-1.2976852083310773 -0.9052613355561521 1.4895505532534077
-0.23588390016575023 -0.9398604650403835 1.4891590967056783
-1.2049493934596667 -1.1906871508898407 1.4895944068090157
1.3296426263554375 -0.40177017664816894 1.4883523127121887
-0.3168034140567819 -1.982482326481116 1.4894846007093954
1.3775616132540867 1.092846434943569 1.4878336209865344
0.8561819052297546 -0.4423669619078172 1.4885673245443554
-1.3005563938164917 -1.9866235802774428 1.4898408498689257
-1.3875424916423977 -1.4820881111143818 1.4897386051792192
-0.23957908484197254 -1.529557360869676 1.4893291310120356
0.07573513675902088 1.7965190326526503 1.4881847833842594
1.6541325953105028 0.3552606237817182 1.4879584275350906
0.1097551484975181 1.494007957287507 1.488268861642499
0.9841509106890198 0.3777975483276377 1.4882499453411557
-1.1407890761275565 0.5817337669143177 1.4890698649558014
0.9646549425257671 0.5059615046600348 1.4882165851055036
-1.5245755361352256 1.126186592514169 1.4890613423001746
0.8424508547205845 -0.4591610820883787 1.488578362927891
-1.1312196349885602 -1.8700712348491475 1.4897502283819695
0.08764039971204429 -1.2631820264481952 1.4891268590403886
-1.3390571270260487 1.4746577248380985 1.488883856603889
0.8860739905185602 0.6927588980721886 1.4881899007019954
0.9185911278098233 0.4262364211543348 1.4882628622794971
1.7101691448450547 0.5849145675949314 1.4878546348202195
-1.1473019366614379 0.555724102741963 1.4890800428678235
-0.34808505337085016 -1.8334061245937328 1.4894549692115926
-1.6195818006229956 0.031507676821202146 1.489411165557176
0.07676271549578306 1.2622574792464247 1.4883582607454553
0.631849927219017 0.5105177237909766 1.4883602933967206
-1.9468527767300978 -0.4369571314142089 1.4896599816336975
0.90395130651717 1.4570935126228104 1.4879264255566835
0.14279616691200037 -0.5116627505182922 1.4888827562734943
-0.3355245429789733 1.910437691512488 1.4883277645464605
-0.7863217710278905 0.7129371241156885 1.488889701853903
-1.4215001409278143 1.3672464425430881 1.488949139727143
-0.4108471813366412 0.08612609449542052 1.4889264334914736
1.6688594050911405 0.20179179589744134 1.4880035331221153
-0.6593126172680046 -1.8620095625898152 1.4895777024861583
-0.6288403261516029 0.06012405092851747 1.4890210877320498
-0.9014071774836063 -1.2757799473054199 1.489506204745154
1.81717818304221 -1.4886402158459342 1.4884903679020483
1.3097184875487091 -0.1899438469012127 1.4882924446807748
-1.8889407258132538 -0.47130168132582995 1.4896482898576853
1.2781973597722427 0.6401271381103166 1.488032513973627
-1.7817824028620661 -0.1468731129665004 1.4895208732039247
0.6147899443217844 -1.9188408589633825 1.489111653312262
-0.34730754443930945 -0.5079291053038668 1.4890769233117715
-0.4114004577579875 1.212729563492954 1.4885820891314618
-1.6163051503406791 -0.9080990801870943 1.489667308006773
0.12873268849317476 1.889344901002234 1.4881306334239215
-0.9989455641613265 1.1046996873033512 1.4888577226412267
-0.7178269598936149 -0.06493987855120054 1.489092884557808
-1.1172356887959811 1.0629756228504412 1.4889179878354915
0.3946149969238908 -1.2962594727963932 1.489015771953826
0.9302112028975964 -0.9703475112874012 1.4887005220393164
-0.2087571114696667 1.3098429144051416 1.4884656744740241
0.10344853250784958 -0.07106835965752545 1.488765244266129
1.116149622756451 0.17560423620592847 1.488258080105171
1.9580557792712527 1.8503322735134322 1.4872889851212938
1.1906034816516273 1.1276375436219377 1.48790755977018
-0.05842084693937988 -0.8638708749909938 1.4890675479461233
-0.35385236230367045 -0.9989046090120386 1.489221755597128
-0.793493341113976 1.7133267579108047 1.4885860046787853
-0.16108447739413023 1.6947605788634368 1.4883217562428162
-0.8549688059530975 0.5067247449073067 1.488978794425748
0.09601689902392874 1.5815407172819755 1.4882463317283405
0.9405430730637692 -1.683978187475745 1.4889130693209889
0.8822625404748443 0.7740807140578534 1.4881647998972838
1.777783559971442 -1.0715549601523504 1.488374189933483
0.7604846495596362 1.7787464724378026 1.4878825044979274
0.4272072244511369 0.19961532180716013 1.488546631864003
0.9057579744500002 0.01522680192024417 1.4884012223889924
-0.7528646259672209 -0.6581311981441651 1.4892774883949336
0.6137252037151937 -0.06332464273939564 1.488550549462962
1.252741619196284 -0.16966166827656082 1.4883106827489188
0.31429465624220043 1.8569808995940669 1.4880584819989833
-0.02528937489283578 -1.4722999295842722 1.4892309778442894
0.6515200772803391 0.3247605104011333 1.4884114268923205
0.048490490905378714 1.6167482158094684 1.488255671763066
-1.6361576574915544 0.07400085803884515 1.4894055152239498
-0.03089430643907143 0.056760500147051474 1.4887812879650826
1.4455048327393145 0.3542312116422037 1.488053014343472
0.910989224224096 -1.3261173652273017 1.488817176494429
0.19804377046016874 0.974117785415368 1.488398498879101
-1.8114192134569729 0.7012142280124323 1.4892951634318945
-1.5297795021933194 1.016075419347228 1.4890956169191134
-0.8384779766669492 -1.0639395652773995 1.4894241348560395
1.40609081842811 -0.9663091203631877 1.4884997716811361
1.7896677238172947 0.22133607621953733 1.4879421442291147
-0.16363760548410333 -0.0022811316495490175 1.4888532701233634
-1.753757616769243 -1.421925840835467 1.4898523258377732
-1.718434276294734 1.5042430859207627 1.4890267199869756
-1.786609142912459 -0.05185798478681036 1.4894965118153793
-1.5449452216329327 0.32559129144349885 1.4893002073613182
0.6342221358870823 0.6938070152188027 1.4883000301796938
-0.9306389824298069 -1.1756507894368564 1.4894894272495163
-0.6231071138549682 -1.637161982834102 1.4895028055825315
0.8789676101693704 -1.4583134373357876 1.4888701322681028
1.2923226894694482 -0.2940115274581272 1.4883337146023892
0.15083796712352804 1.7056779630056802 1.4881814869644812
0.6154280821905793 -0.7221166967206045 1.4887540906656636
-0.29513648685355864 -1.787012796540421 1.4894223022393476
-0.5424294919546382 -1.2028287797937676 1.4893516838811673
1.0988919263237475 1.6391798614918756 1.487774315311739
-1.1595832558755896 0.5634653542416803 1.4890826033449365
1.772762018966561 0.3246428932397798 1.4879147773782555
0.3314667461488714 -1.0097888647297397 1.4889559832664636
1.7704390771644398 0.31985212895516124 1.4879174670479838
-1.7402942778348018 -1.592567344613463 1.4898920450263315
-0.8268375359952369 -0.9924154374119194 1.4893998088292695
-1.5097694755385644 -0.4119189130258283 1.489493284004742
-1.2677803576972773 0.9339514715880517 1.4890164261658843
1.7725105246448374 -1.4061057089834543 1.4884832239415877
-0.36125090782530567 -1.0509597698931339 1.489239515832268
1.1248141035263126 1.5538142766788603 1.4877917787746668
0.1907326354302814 -1.6827960412978111 1.4892081370573096
0.5564416139579844 0.28061307882060404 1.4884661967468995
-0.8806265946162837 0.3082322650313225 1.4890475968052137
0.42405902111568405 -0.1840871398034949 1.4886676232085785
-0.8050625064705432 -0.48592342894730756 1.4892483680266557
-1.083849071611101 1.325775734081449 1.4888253535583735
1.7284675027127951 -1.8515676612665173 1.488641523402134
0.505302847943871 -1.3471206637066802 1.4889868442759644
1.795512861879736 0.2985174497966554 1.4879132718431733
-0.2709132240088721 -0.8607423170276078 1.489149806990148
-0.505538915995313 0.0930241748767191 1.4889622912644767
-1.6070288393341432 -1.65407764406324 1.4898614887378152
0.9134295365093115 1.711155373073118 1.487835329059528
1.883071960287178 0.17864940458479417 1.487914049064139
-0.75633804686007 1.3882511136471676 1.488671588119929
-0.8831644915459469 0.5299729582523565 1.4889831304851433
0.9030748829812039 0.7245322456724335 1.4881719225347176
-0.4508024110878077 1.3817680276993283 1.4885456657120544
1.9552356653875131 0.27826039377932954 1.4878469432184587
-1.1111166728301152 -1.751077872610323 1.4897113786891707
-1.3154719509071668 -0.8034227890079038 1.4895292023061752
0.4674118994845724 -0.43453823006128367 1.4887268740531774
-0.20009285439422442 -1.919224921801547 1.4894235781646386
-0.09895069453344618 1.650172295478595 1.4883091773542272
1.2076909727932659 -1.4039240318106723 1.4887192772299913
-1.8731223279215996 0.8153723531980974 1.4892862735503445
-0.8201171769209346 -1.88072427770454 1.4896413080510031
1.3463095972783954 -0.9104826364909249 1.4885075016615572
1.4244959205864642 -0.18321538590956443 1.4882400398569475
-0.7874294702271083 -1.8140467848379496 1.4896114121594242
0.3859865352618348 0.23441721619829625 1.4885530902828403
-0.1833993322098273 0.34627104004618303 1.4887554229529556
0.4134208373013193 -1.9780708997530958 1.4892070530006798
0.936628203667909 0.4829219533041771 1.4882364500950318
1.0548741898027592 0.5262843637343382 1.4881700753913902
0.10793660936172866 0.2682718309260137 1.4886590040974497
-1.4442054911588045 -1.695122577368175 1.489815002651045
-1.0577616428307888 0.18210270421967856 1.4891538083381985
1.4650109824622684 -1.4559484087155923 1.488628525677978
-1.4595251215781655 1.3580426554887133 1.4889670753890445
1.7905205686193781 0.45064320008330583 1.4878636615338752
0.7819156833180543 -1.6397969683276576 1.4889634523208275
0.8706147724014262 1.7660044641272625 1.487836237743739
-1.3799921614044832 -0.704694462273558 1.4895258863669683
-1.137611338756706 0.8658801724867393 1.4889848473649685
-1.343985987306847 1.071186274935589 1.489006116035237
-0.5877405090833019 0.47728101807662515 1.4888803783454947
-1.7012236711273863 -1.1924634613575718 1.4897734944283987
1.6809827873512093 0.19262296296316528 1.4880011399470987
0.3903428007709522 -1.579103636991917 1.4891004775973635
-0.4745520826144469 -1.9575140608611186 1.4895360091215415
-1.1987749470131455 -1.7384696173800132 1.4897393724324435
0.48214774507597546 -1.1098615268371388 1.4889254733454802
1.0955815006038794 0.7122401532945357 1.488090355466694
-1.2961257407138653 1.5453738243259902 1.4888451646963967
0.39584631299465123 1.3031507646221376 1.4882056503389252
0.49424641197703245 -1.4806150098799629 1.4890306849248678
1.658448368801932 -1.2625988349515822 1.4884862870418898
-0.36109895046409335 -0.14159885740856115 1.488974373272226
-1.6975210161164638 1.548127885208629 1.489005471932706
-1.2842952385075552 -1.9820145292916473 1.4898339271359218
1.0535378661674564 -1.1441684519529414 1.4887030499053315
-0.7471813085871091 1.62957416823087 1.488592744719653
-0.9120373810418503 0.29998399009824794 1.4890624057061046
-0.026063836971760956 1.3925155346362477 1.488360781152784
-1.1658471931074148 0.7282771557144807 1.489036705728837
-1.0369411381005076 1.7338900952550897 1.4886812261991245
1.8996720546181551 -1.7260679017503797 1.4885303677144093
1.4749911252481134 0.4332610501885812 1.488013243276295
0.4127137170679047 1.355513076495936 1.488180990250175
-1.5263640658970452 -0.3785678956709706 1.4894902313187208
-1.3609197439027225 0.23644106474792892 1.4892552504383127
-0.842089853228674 -1.97279446019472 1.4896740238258754
-0.4984162190057422 0.4223269931488831 1.4888608027178105
-0.08705202915384636 1.9066455618667115 1.4882204045659178
-0.5576146964946025 0.1680996773859711 1.4889607614151346
-1.0660815182116083 -1.123341715694103 1.489525089824413
1.5040973830517679 1.736615540170387 1.4875495384600828
0.06146912588504083 -1.7999772246820571 1.48929121538352
1.8481664474604704 0.07026179738967464 1.4879666885508411
-1.3335364175771902 -1.2013769925452937 1.4896440375220021
0.7669525227670313 0.9898524157714093 1.4881446766545343
-1.3049895519404942 -0.5688858393269891 1.48946065311272
-0.009763344754577297 0.9026194869889874 1.4885100178874786
-0.716377422022866 0.8647927914446569 1.488815500693278
-0.7841826340285616 1.3695592298116237 1.4886889135699815
-0.008769754573674682 1.4965937872376909 1.4883196929038407
0.8042323123011199 -1.9183265881308778 1.4890369975390025
-1.8645438540766275 1.8032336188817348 1.4889963565536488
-1.656286009818814 -0.3231649870095268 1.4895230051427253
-1.9252338229862103 0.9955495250035673 1.4892548818994815
-0.5241958299659304 0.5286926457299392 1.4888391349580503
1.502473357440521 1.4485571142720453 1.487651949370282
0.03650291004017259 -0.13606245095176028 1.4888124091570412
-0.11584687032979613 -1.9096264599963542 1.4893892949131489
-0.6705894699245016 -0.7481615780855284 1.4892716642314625
-0.8954245492080544 1.8426189961914403 1.4885883786072494
-0.510114148634357 -1.7934790420451456 1.4895040667205195
-1.4482137422860664 -1.786361534503646 1.4898403333756531
1.6798367063659754 0.5220346330615637 1.487890050332092
1.0980361576556046 1.507337917334917 1.487820178506975
-1.243701696484531 -0.4708768374435417 1.489410500035374
-0.38966320811057376 -1.143677263219124 1.4892768635540499
-1.632940997904516 0.13967540699611458 1.4893859329112968
-1.3491984434638349 0.34620369337080437 1.4892193281398656
-0.061792497420467996 1.91331366274515 1.4882070949596933
0.6501166243178025 1.2378305899903088 1.4881144988876742
-1.6816144856906226 -0.5625107966125853 1.4895976484953717
-0.41490009944494144 -1.115295765169554 1.489278431320867
-0.016396616175446965 -0.8079757499991711 1.4890345438892256
-0.879865726935499 1.2561561228482816 1.4887631877102832
1.6585783225120085 1.5263832475454757 1.4875505249576604
0.23262380675436134 0.47878922827679293 1.4885410128382341
-1.495070788688066 -1.428991849622916 1.4897628279503086
1.5159210913013803 0.678877401876214 1.4879116061813544
1.7626092318491153 -0.841586137896841 1.488306543109548
0.7060962795098158 0.10377955698308483 1.4884585260864802
0.9734340006014035 0.7536872940319457 1.4881310663351488
-0.16749646020428344 0.0900359121438008 1.4888269198090018
0.04208614586764625 -1.0489247342465182 1.4890822146352358
0.08859067191621772 -1.456475235335633 1.4891824658746422
-1.4641392449760096 0.6073564580468878 1.4891886145336293
-0.5028997889226421 -1.5966737245547344 1.4894469675287692
-1.2573501255874522 1.3334171284764587 1.4888933250319283
0.6477784347814435 1.1825899760740155 1.4881338553215302
-1.0464064314341766 -0.6301441351201156 1.4893809338749013
-0.5983468941613754 0.5061209551251871 1.4888759868544688
-0.47488455362346027 -1.5846683349480672 1.4894331730290047
-1.636122235738429 1.655577301164815 1.4889491057045783
0.008118832677253884 -1.2871978128346697 1.4891647864320525
1.8893713525351075 0.5661070355121023 1.4877783039690122
-0.531626372894153 1.1282130655705869 1.4886586720108237
0.34036124264668466 -0.8813722662427628 1.4889140797452924
-0.08059709186725073 0.6477873995782932 1.4886197671758268
-1.4766461758605294 1.7861024055214294 1.4888456762879572
0.7937334157209381 -1.1756351408361478 1.4888192934939786
-0.6214427093007302 -1.0728704522801733 1.4893449647285004
-1.4979976646498452 -0.5734639304454143 1.4895333583069275
-1.2702450895405173 1.4652663783557607 1.4888588575286423
-1.8235937163405342 0.8266268595643975 1.4892641348688291
0.545584209036992 0.5545922825172616 1.488383366228815
-0.7671451963609996 -1.3336652893987297 1.489472423698134
1.3877999064336546 -1.014776646254032 1.4885228345228354
0.3489816200388436 0.7576056120513455 1.4884029246731985
0.08415863193334427 1.9282380405643211 1.4881375761915694
0.7974295434606606 -1.1631401736093325 1.4888139972179277
-0.3549761567074521 -0.9016058540937797 1.4891942236319646
-1.0960709041132946 -0.8862027202822462 1.4894708328291975
-1.3684071522334653 0.49093327157432576 1.48918511610874
0.9052369140658216 0.04158905752651343 1.488392998908986
-1.3770093853934444 1.685057422372327 1.4888357709861588
-0.24077907547188104 -0.6817575263107667 1.4890859264408047
-0.3957481089686734 -0.6961726439621598 1.4891506967617112
-1.0746335874500472 0.5643069050175935 1.4890489069308297
0.172972400402422 0.6426362339209275 1.488514623932964
-1.6812033633234025 -1.439577476686928 1.4898314563781971
1.8157157103006583 0.39905626213828427 1.4878697334801854
1.9344083993868706 0.9386804319711892 1.487627300862259
0.5901643370897656 -0.43099789739367367 1.4886749991126602
0.2358931255912431 -0.5908446026246734 1.4888689613282682
-1.74962423002476 1.6272847855313524 1.489002755002847
-0.7149307343569165 -0.554387424613421 1.4892333276315577
-0.5816982369714676 -0.25367326959582837 1.4890946155233793
0.3904690813413989 -0.7820471213878033 1.4888640264210387
-0.6965756981668818 0.0909554995204358 1.489038806596828
0.4349188972516913 -1.1671874052599112 1.4889614804580245
-0.9575601021603379 1.933443391869715 1.4885860701199431
-1.1430540131334102 -0.5028317494205146 1.4893816278577352
1.7413647397071692 -1.3165606636086693 1.4884680848981369
-0.20717776737245774 0.8109831816736284 1.4886218809853926
1.3342542981348782 -1.2244238980197233 1.4886111095059475
-1.7327379495647008 -1.9804516657703015 1.489989331592536
-1.6766110905539948 -1.2597572138086335 1.48978254067646
-0.08454973113074438 0.7116557456143271 1.4886015108473374
-0.11414502865138587 -0.1579738422641217 1.4888801570164067
1.6012396578460324 0.7372895796389161 1.4878525473194162
0.47343173531706295 -0.9093202159552423 1.4888688065050573
0.40666520480701074 -0.49253363474862333 1.4887696038503069
-1.9559070546873052 -1.9905297399844324 1.4900680024505693
-1.5242786358249703 1.551418782447958 1.4889353754414971
-1.0816844325003627 1.6087104769121279 1.4887382352067668
-0.7096756674634479 0.67992212424131 1.4888686709236476
1.773019928725799 0.8226121077932111 1.487743581314286
-1.90153303766611 1.5989304050732054 1.4890711565413204
-1.0292758204726198 -0.7932523235233315 1.4894201033361538
-1.5976506054893465 -0.18554190863438436 1.4894633323315452
1.3004041145481944 0.15813291151866693 1.488182735315752
-1.3023890959759585 0.6998978240610247 1.4890987741237869
0.5919069066505784 -0.39612283370488477 1.4886634859798724
0.8566127087228592 0.2694771036222443 1.4883406970899398
0.19912682045870156 1.8331945974767105 1.4881179077258055
-1.3457197869502195 0.06602994890438119 1.4892979438402882
1.6806954385871347 -1.7094347411856026 1.4886172723347963
1.042738242334119 1.846607486127521 1.487728541393436
1.34202197705436 -0.2197971344107632 1.4882880511544172
-1.1206307977939547 -0.9683428225155168 1.489502613506602
0.5898228437539572 -1.8952491805407092 1.4891145476825154
-1.6814835983100282 -0.937018722361068 1.4896985234975748
-0.5411593520256579 -0.1762668086306043 1.4890560075655477
1.0782601775957668 1.1030033756227775 1.487967082238216
-1.2098323164866054 -1.0832399971078175 1.4895669412532353
-1.562141694630415 -1.53795485977904 1.4898153199734692
1.3817595946386758 1.1805000309784655 1.4878015258071176
-1.427405158625212 1.1335322048429601 1.4890207881786028
1.0365881188877601 0.04147597394149738 1.488336278301534
-1.5262606265381367 0.04905993045142676 1.4893711674105155
0.9226276605800248 0.23183709244813588 1.4883242163955321
0.0656521085424373 1.5718716670465822 1.4882627896820009
-1.9106684433288734 0.8684843140270617 1.4892855085764296
-1.9522825051341632 -0.0965517746284208 1.489569762889175
-0.08290519574974109 -0.687074987354305 1.4890252360067695
-1.9548971558788573 -1.2509492641583728 1.4898781629453444
-0.4773618524005876 1.444104663754981 1.488537276202778
0.0912851198778446 0.5934848777147863 1.4885646048074295
0.4661795208761621 -1.5214001220567832 1.4890537706057776
-1.789047041180031 -1.991388802905525 1.4900114134892823
-0.786373237331075 -1.7324225283206003 1.4895888710640015
-1.1385099996041879 1.019121851726986 1.488939627409396
-0.7710684629467144 1.9990468337510903 1.4884865880075013
1.9662481131554213 -1.2939863646053285 1.4883643313716268
-0.36285819061452873 0.21814522662047686 1.4888674766517975
1.4866427846358503 1.2244777749952611 1.487737578920514
1.803895092216071 -1.8405823448272596 1.48860658213741
1.02217967696307 -0.10831340422197222 1.4883907094877293
-1.1057830423432513 -0.6686438904794123 1.4894140045376587
-0.06072842434255232 1.4766985252871132 1.4883486572362177
-0.28087890598073173 0.7020281077887969 1.488686334725937
-0.7836172174796925 0.2837027861389476 1.4890164456205726
1.2357238938291575 -1.7153190838076355 1.4888029415200565
0.15298800512970345 1.3720477587223447 1.488289645596398
-1.6296980850539198 0.924412330741184 1.4891612605900044
-0.875498999090472 0.5789650181383657 1.488965526084508
-1.1699960933785656 1.9052652761837674 1.488683482160799
1.694924031462321 1.9277549828180964 1.4873892857417774
-0.06341574393234062 1.518805998857058 1.488336234818249
-0.028689343525075905 1.2032884990080959 1.4884225903133823
-0.01998985746950499 0.5991871802195616 1.4886095504169978
1.802069455244637 1.1365286826981187 1.4876202166610224
0.6736345106936144 -0.29689611999558085 1.4885985099130943
0.6034190526761822 -1.6407552601296134 1.4890346712833364
-1.506612969919173 -0.05379955551320137 1.489392605898714
